0.10759368836291908
0.22721893491124243
0.47917723302338666
0.022154127923358684
0.2480276134122287
0.33037475345167666
0.5389546351084806
0.005818540433925048
0.40532544378698177
0.45122100122100095
0.3121090448013528
0.06607495069033527
0.0065370526908988475
0.14862167746783125
0.46768103691180646
0.11844885883347411
0.22260495914342068
0.02694420963651733
0.0
0.007607776838546071
0.43448858833474213
0.03381234150464922
0.010249366018596785
0.3243636705175165
0.7248520710059168
0.03053677092138631
0.6207734573119188
0.152014652014652
0.47589461820231066
0.27945900253592554
0.26785009861932957
0.3079881656804733
0.01014370245139476
0.010256410256410256
0.46917441532826143
0.0
0.32979947403024346
0.17700056353902488
0.002564102564102565
0.34891518737672594
0.17080867850098602
0.0
0.2461327134404056
0.46917441532826143
0.6816568047337275
0.13778529163144548
0.6594533671456754
0.29846435615666395
0.025065746219592382
0.04173710904480136
0.6914201183431946
0.49960552268244596
0.1212665539588616
0.0
0.0275570583262891
0.04109138724523335
0.01845590307128768
0.28946182023105105
0.20648069878839104
0.24844087536395218
0.32765332957640636
0.18339673147365432
0.7573964497041419
0.03424673616981311
0.05412322720015029
0.004015215553677093
0.029257067718606183
0.39673147365455036
0.0038327057557826795
0.07127594627594619
0.7244998591152426
0.24891518737672585
0.021308819385742462
0.1492814877430261
0.07855499201653048
0.39292758523527743
0.0
0.18158636235559283
0.14067342913496764
0.0
0.004649196956889265
0.6985911524373063
0.032368272752888144
0.11185075608152517
0.009072978303747536
0.09453367145674837
0.34056072132995235
0.3871724429416737
0.0
0.00300554146707993
0.09216211139288055
0.029374471682164005
0.024654832347140027
0.01901944209636517
0.43691885038038814
0.18539964309195056
0.07532873109796182
0.1901803324880247
0.11585423123884654
0.0
0.3299755799755799
0.10729783037475332
0.5010989010989011
0.45122100122100084
0.08867521367521368
0.010892953200645506
0.024654832347140027
0.30996055226824476
0.20293744716821632
0.14457593688362913
0.4058960270498738
0.035733070348454944
0.13845214614445356
0.005071851225697381
0.34202122663661116
0.0166807551422936
0.46917441532826143
0.011834319526627217
0.21524373062834587
0.00660749506903353
0.23116370808678507
0.5263454494223726
0.10227059265520781
0.15090870667793738
0.4770475251244483
0.01997041420118344
0.13074105381797688
0.015462102000563539
0.4580586080586086
0.0
0.23220625528317843
0.1547619047619047
0.0
0.0018408941485864563
0.032847280924204005
0.019780219780219786
0.5260707241476474
0.41908049215741555
0.01768103691180614
0.023555931248238935
0.10009157509157497
0.5256692025922791
0.3668404245327321
0.2083215929369774
0.15831924485770624
0.4399009110547574
0.02049873203719357
0.5942871231332768
0.40433925049309644
0.4424485770639619
0.02983234714003945
0.0
0.009110547572086033
0.0
0.04868977176669486
0.0
0.0008453085376162302
0.2362637362637363
0.3514111956419649
0.0
0.0116370808678501
0.07828197443582052
0.062109044801352487
0.388278388278388
0.2722715318869167
0.5817061143984212
0.035502958579881665
0.39652014652014617
0.008255846717385178
0.4653000845308536
0.030689396074011464
0.060862214708368556
0.016483516483516477
0.018540433925049307
0.005128205128205127
0.004142011834319526
0.0
0.029210106133183058
0.2997340266571038
0.14019442096365164
0.46291208791208804
0.18346482577251777
0.1184074472536011
0.061594815440969286
0.3680473372781064
0.36403681788297176
0.1666666666666666
0.562834601296139
0.5341222879684419
0.03454259415797879
0.3732882502113272
0.44932375316990736
0.4117709213863061
0.5781205973513667
0.2604325162017475
0.5794590025359251
0.011524373062834603
0.4629473091011553
0.3432727528881375
0.4314864622556931
0.31360946745562124
0.0
0.4497393632009018
0.09627125011740392
0.32952944491406083
0.1031558185404339
0.047928994082840244
0.56297548605241
0.13442284211514974
0.0
0.5854466046773732
0.10299145299145282
0.020287404902789515
0.49412980182210975
0.031656804733727825
0.6141166525781911
0.054240631163708086
0.5607495069033527
0.1475767821921669
0.0
0.04742180896027052
0.1672161172161173
0.00710059171597633
0.0007396449704142012
0.3501831501831506
0.3353057199211051
0.3146332300178454
0.20615666384897144
0.44493754109138767
0.3408284023668637
0.10216962524654814
0.006656804733727811
0.4715553677092139
0.34664694280078884
0.020533953226260913
0.256311637080868
0.3530571992110456
0.0
0.09370479947403003
0.04532262609185687
0.24189912651451104
0.07018878557340093
0.09689349112426027
0.4909317178547948
0.24112426035502943
0.747675401521555
0.38885601577909273
0.35654409692871286
0.1570583262890955
0.0
0.6658777120315572
0.021555367709213853
0.026136470367239602
0.4698647506339815
0.2934394665163896
0.5223443223443232
0.061594815440969286
0.09922513384051844
0.032544378698224866
0.013313609467455622
0.5372781065088758
0.24565370526908994
0.2567155067155065
0.11840659340659339
0.0018315018315018315
0.0
0.4319174415328264
0.04522400676246829
0.3060697849159387
0.2602564102564101
0.09416737109044802
0.49020146520146485
0.0
0.34150464919695694
0.011439842209072976
0.0
0.514569831877524
0.461115807269654
0.27065370526908944
0.20242321780783315
0.13590682821452058
0.47579365079365066
0.7099887292194973
0.1940828402366863
0.1298957452803607
0.17038602423217822
0.0
0.23076923076923078
0.0007396449704142012
0.40216962524654876
0.0417488494411571
0.0036982248520710057
0.005388841927303466
0.0
0.330656522964215
0.6140039447731751
0.02472527472527472
0.005184559030712876
0.0
0.0
0.025265332957640656
0.5625810087348547
0.0
0.4106508875739642
0.3903353057199211
0.4040927021696255
0.21245421245421228
0.42861369399830995
0.4817131586362359
0.41538461538461496
0.20118343195266267
0.07041420118343195
0.3619892927585235
0.008382642998027615
0.0
0.010378510378510378
0.08921527190757952
0.02437306283460129
0.42341504649196926
0.3952662721893487
0.35905184559030706
0.3983234714003945
0.04211280172818635
0.0
0.004733727810650887
0.38117779656241185
0.004015215553677093
0.018843336151028456
0.6191321499013798
0.5731896308819385
0.3710059171597636
0.0
0.005325443786982248
0.500493096646943
0.5301141166525777
0.0009861932938856014
0.5433925049309662
0.3719921104536485
0.058284023668639065
0.009955856109702265
0.38067061143984277
0.010460693153000843
0.36277824739363235
0.25000000000000033
0.019301211608903916
0.3897435897435895
0.07720484643561563
0.33409880717573043
0.3074809805579034
0.01952662721893491
0.0780008453085376
0.0
0.04043392504930966
0.23431952662721872
0.6029585798816554
0.0025359256128486907
0.26893491124260366
0.05240912933220627
0.0011834319526627217
0.010444683521606598
0.0039447731755424065
0.053740490278951815
0.5763595378979998
0.3124964778810931
0.6232741617357013
0.006513571898187283
0.14976988823142645
0.12442472057856661
0.019618202310509997
0.0
0.5289940828402367
0.23774302620456456
0.4812623274161735
0.13506151967690413
0.04747816286277828
0.715976331360947
0.007889546351084811
0.3286841363764443
0.22351366582135807
0.2586644125105663
0.4928994082840235
0.005623649854419087
0.4171597633136103
0.12130177514792882
0.0138724523339908
0.3145111298957457
0.01775147928994083
0.2586644125105663
0.02564102564102563
0.010108481262327414
0.33629191321499036
0.2586644125105663
0.0
0.0600169061707523
0.051803324880247956
0.056607495069033516
0.0
0.0
0.006086221470836855
0.002817695125387433
0.0
0.008847562693716537
0.0
0.0
0.2979618671926363
0.0
0.4875739644970411
0.0007396449704142012
0.0029585798816568047
0.2825443786982253
0.025739644970414203
0.6477599323753171
0.32564102564102565
0.0
0.194303559688175
0.20992533107917724
0.013337090260167182
0.01590588898281206
0.4821499013806707
0.43934911242603497
0.039022729407344796
0.2584812623274163
0.2045364891518737
0.17966328543251603
0.003451676528599606
0.0438621207851977
0.6214426599041977
0.0
0.1911242603550295
0.21275007044237812
0.02550014088475627
0.0
0.31066732412886267
0.647759932375317
0.17745843899690036
0.05384615384615384
0.0051102743410435724
0.029163144547759933
0.0045364891518737665
0.7295012679628049
0.006325725556494787
0.0058595250902943215
0.0
0.02564102564102563
0.24387855734009584
0.11710340941110148
0.0
0.12959753921292388
0.22938856015779097
0.1240889452427914
0.2871794871794869
0.02218934911242604
0.08530571992110457
0.26577909270216965
0.2259368836291912
0.7209072978303738
0.519982154597539
0.17179487179487204
0.32237954353339
0.27327416173570024
0.18244575936883622
0.015309903771442236
0.0014792899408284023
0.0
0.411721611721613
0.32109044801352504
0.5806846999154688
0.0
0.0
0.05542406311637079
0.0
0.012820512820512815
0.01759650605804452
0.0
0.0009861932938856014
0.004339250493096646
0.0007396449704142012
0.0
0.20963651732882474
0.0
0.0023668639053254434
0.16341222879684394
0.09985207100591711
0.09985207100591711
0.052411690873229305
0.2879144359913593
0.004226542688081151
0.004733727810650887
0.12350427350427343
0.03234415157492078
0.0019888231426692968
0.0025267467575159886
0.19454071569456172
0.022435897435897436
0.005668263360571054
0.0010758472296933839
0.635996055226824
0.5593829247675397
0.02810650887573965
0.08671712902482126
0.0
0.0
0.020224006762468296
0.030149337841645536
0.050483704329858166
0.017328825021132706
0.004754860524091294
0.05867850098619331
0.04398422090729784
0.0
0.3489433643279798
0.009467455621301774
0.0
0.0
0.0022189349112426036
0.17585235277542977
0.020414201183431954
0.0
0.0
0.07142536950229267
0.008875739644970414
0.0
0.0
0.0
0.03547478162862779
0.0023130715438407744
0.023809523809523798
0.003672395980088288
0.5140884756269377
0.06935052127359821
0.025922795153564375
0.09289748712825625
0.014053254437869825
0.828261482107636
0.007326007326007326
0.1519301211608904
0.0
0.0029585798816568042
0.35029585798816576
0.012341504649196955
0.5051094204940357
0.0
0.0
0.16483516483516514
0.286700479008172
0.0029585798816568047
0.06029867568329105
0.11488447449985906
0.3431483046867662
0.5416431858739552
0.0
0.6483234714003941
0.1931952662721893
0.15384615384615355
0.004353338968723584
0.15074668920822776
0.0
0.0
0.0247957171034094
0.0206043956043956
0.1866441251056634
0.005353620738236123
0.0
0.6376796280642435
0.0
0.009580163426317272
0.010848126232741614
0.15603925988541356
0.013524936601859678
0.0
0.0
0.06641307410538179
0.0009861932938856014
0.44540715694561855
0.006311637080867849
0.299990607682915
0.18162862778247374
0.39582981121442656
0.0
0.03468582699351931
0.017526063679909828
0.03155818540433925
0.42062787639710714
0.44984502676810384
0.01775147928994082
0.3508875739644971
0.5295857988165679
0.0
0.052859960552268256
0.0
0.004649196956889265
0.008284023668639052
0.09907016060862209
0.013665821358129049
0.26294730910115516
0.009909321447782988
0.014671226209687749
0.01216091600706985
0.055226824457593714
0.0059171597633136085
0.0
0.41515215553677115
0.0005917159763313608
0.05007044237813471
0.2579811214426598
0.0319526627218935
0.01098901098901099
0.5110453648915189
0.03076923076923078
0.23076923076923087
0.020980088287780595
0.007067718606180146
0.010679064525218367
0.0
0.0
0.23964497041420119
0.0024654832347140035
0.05632572555649479
0.0
0.025331079177233012
0.4918850380388844
0.0
0.0016906170752324604
0.012820512820512815
0.010848126232741614
0.045177899024052864
0.31687094956325745
0.12386587771203139
0.006311637080867849
0.024683009298393906
0.04372358410819952
0.0
0.034229018844403464
0.0
0.0
0.0
0.004602235371466143
0.05629764712604947
0.09495632572555641
0.01420118343195266
0.0113529632760402
0.03991265145111301
0.30177514792899424
0.0
0.06807551422936035
0.11535643843336152
0.021027049873203717
0.06949140602986753
0.332347140039448
0.04369540715694564
0.051774294081986375
0.015309476847938387
0.02398562975486052
0.0
0.10700410700410694
0.06390532544378696
0.02535925612848689
0.0025711468019160326
0.039776462853385944
0.04743589743589746
0.24218089602704973
0.13492063492063475
0.024281487743026204
0.10552695168079779
0.01088334742180896
0.00710059171597633
0.0
0.20986193293885586
0.005917159763313612
0.26457687611533764
0.01896778435239974
0.0073964497041420114
0.02775429698506621
0.0
0.21518737672583824
0.38234714003944786
0.008957922419460883
0.089447731755424
0.0008453085376162302
0.23234714003944765
0.0
0.0
0.03969876277568581
0.004226542688081151
0.04734901850286465
0.00834742180896027
0.0
0.07807363576594342
0.0
0.24020850943927874
0.031065088757396445
0.05433925049309666
0.007889546351084811
0.30457171034094105
0.46913214990138097
0.4329388560157792
0.40506160506160493
0.5406687329764251
0.034798534798534814
0.11213017751479283
0.16813186813186826
0.14436738475199995
0.557199211045366
0.631868131868131
0.237221752606368
0.15352211890673428
0.05545992469069388
0.42709213863060075
0.41538461538461524
0.0
0.20843899690053538
0.02483093829247675
0.6904644500798345
0.28095238095238084
0.0660185967878275
0.2027683854606931
0.028529163144547762
0.3199492814877432
0.025415610030994646
0.09839391377852905
0.03668639053254436
0.39487179487179414
0.015271907579599885
0.1470555085939701
0.3008171315863623
0.15370526908988424
0.010707241476472245
0.32937447168216405
0.3846153846153843
0.013581290504367424
0.045611439842209105
0.49216211139288085
0.0
0.3553113553113553
0.2158777120315582
0.0013149243918474693
0.18244575936883642
0.0
0.31794871794871815
0.06558889828120595
0.3680989950220721
0.0
0.017094017094017103
0.08490654644500799
0.0
0.30300788954635083
0.15876303183995497
0.19112426035502966
0.19820371935756545
0.7094251901944193
0.631558185404338
0.046571804264111935
0.13934911242603526
0.02282333051563821
0.2844956325725558
0.42011834319526636
0.6286630036630036
0.005353620738236123
0.009968023429561896
0.061918850380388836
0.0
0.5280078895463515
0.4972386587771203
0.0011834319526627217
0.2159763313609465
0.40488635296327596
0.31699070160608617
0.35438856015779113
0.04332675871137408
0.008678500986193292
0.05808678500986191
0.4102564102564099
0.4320794590025359
0.012292194984502675
0.01518737672583826
0.3999999999999993
0.005588428665351743
0.04602235371466137
0.05438151591997747
0.4864961961115808
