0.0
0.23437500000000033
0.35491071428571447
0.001302083333333333
0.16393229166666667
0.3894531250000015
0.5641276041666675
0.0
0.36256510416666743
0.6327892485119048
0.21113281250000013
0.08229166666666674
0.0
0.2188430059523812
0.7310267857142869
0.02856057787698412
0.4578590029761905
0.03783482142857143
0.0
0.06696428571428564
0.563746279761905
0.0
0.0
0.3933593749999996
0.668945312499998
0.0
0.5903087797619044
0.42559523809523797
0.2761253720238099
0.07282366071428571
0.4238281249999994
0.09793526785714281
0.033854166666666685
0.17805989583333345
0.6923828125000008
0.0023437499999999995
0.4164651537698414
0.3158792162698415
0.004014756944444446
0.33430989583333376
0.18744419642857166
0.007291666666666664
0.4617838541666664
0.6923828125000008
0.6411458333333323
0.04082961309523809
0.4117373511904764
0.6861607142857158
0.158629402281746
0.022832961309523808
0.6326171874999988
0.6595982142857137
0.04881417410714281
0.0
0.11097470238095229
0.4339192708333337
0.10312500000000002
0.5073567708333334
0.43638392857142966
0.418824404761905
0.4874723800505047
0.2944800967261912
0.7009765624999986
0.012890625
0.11481584821428559
0.05540829613095239
0.00502232142857143
0.4571707589285714
0.0
0.0
0.7209077380952372
0.43493303571428577
0.0
0.5547526041666668
0.265601748511905
0.5595889136904763
0.0027901785714285724
0.16313244047619035
0.16219308035714294
0.0
0.0
0.30285528273809575
0.10409691220238095
0.0
0.0032552083333333335
0.33637927827380965
0.41686197916666723
0.4315104166666668
0.018043154761904764
0.7048921130952381
0.0
0.008928571428571425
0.22256324404761899
0.040155319940476185
0.6293898809523805
0.2968129960317462
0.11653645833333334
0.2963068181818179
0.05175006200396822
0.0
0.4995349702380952
0.0138578869047619
0.48749069940476186
0.6327892485119049
0.24355468749999984
0.06882440476190471
0.25729166666666714
0.30533854166666713
0.206124441964286
0.26634114583333335
0.48333333333333334
0.0265997023809524
0.04141090029761906
0.0
0.33851799242424174
0.08697916666666669
0.6923828125000008
0.08242187500000007
0.5842447916666668
0.21171875000000026
0.1343749999999999
0.195182291666667
0.3972005208333338
0.2693638392857143
0.6167612227182536
0.03404017857142859
0.11160714285714274
0.001209077380952381
0.4898437500000002
0.16564360119047608
0.24375000000000036
0.05591517857142853
0.0
0.021763392857142842
0.0400545634920635
0.018136160714285716
0.47855282738095234
0.5992373511904766
0.003976004464285714
0.1956380208333333
0.28918650793650813
0.5441406249999998
0.28536044034090924
0.17619977678571466
0.23326822916666673
0.2420557415674606
0.0
0.650595238095238
0.0080078125
0.4547433035714282
0.16763547867063447
0.011104910714285711
0.028459821428571445
0.0
0.0
0.016973586309523808
0.01651785714285714
0.40578497023809573
0.48173828125
0.0
0.018624441964285716
0.11944712188852806
0.0
0.5937499999999999
0.3327985491071429
0.5449404761904767
0.0
0.5757533482142858
0.004687499999999999
0.5217819940476189
0.012517051091269842
0.17619977678571386
0.005468749999999999
0.014787946428571421
0.0023437499999999995
0.0
0.0
0.014322916666666661
0.18462456597222213
0.49882812500000057
0.472321428571429
0.13241567460317463
0.08579799107142845
0.1890811011904763
0.36360677083333387
0.38272569444444365
0.41731770833333354
0.39204024057539655
0.5932477678571421
0.045200892857142815
0.3659505208333336
0.5387834821428569
0.12345610119047618
0.4909396701388884
0.08945312499999991
0.6532552083333316
0.0
0.27456752232142867
0.3520972842261906
0.4012741815476195
0.31681547619047645
0.0
0.1426649305555558
0.008984375
0.23484002976190513
0.007459077380952378
0.18177083333333333
0.6769717261904764
0.13445560515873012
0.0
0.6497395833333324
0.00732421875
0.0
0.7994791666666682
0.017903645833333336
0.715885416666666
0.3703125000000009
0.48100818452380945
0.20677083333333332
0.02250744047619049
0.018359375000000004
0.26636904761904795
0.0
0.005989583333333331
0.23489583333333372
0.2985677083333334
0.26828342013888873
0.2735072544642857
0.3076404389880955
0.25312500000000016
0.0
0.19726562500000008
0.5071056547619047
0.01640625
0.0
0.18476562499999996
0.40520833333333367
0.0
0.41957310267857173
0.012834821428571425
0.29134114583333365
0.5569661458333335
0.15788690476190476
0.39779420882936517
0.0
0.6269531249999998
0.2449125744047622
0.001953125
0.3981817336309528
0.020833333333333332
0.6404947916666656
0.008993675595238095
0.02141462053571429
0.6042968749999972
0.17456287202380963
0.5568359374999998
0.1890811011904763
0.13625372023809523
0.3206380208333332
0.43554687499999956
0.4486979166666675
0.32886439732142875
0.3603980654761914
0.07083333333333328
0.04241071428571428
0.002604166666666666
0.8430447048611104
0.5104817708333335
0.39332217261904745
0.35520833333333385
0.23085937500000048
0.5779575892857147
0.0
0.0
0.002418154761904762
0.0
0.6838960193452392
0.31720455109127005
0.2161458333333335
0.2218191964285716
0.1220377604166665
0.5557725694444449
0.7718563988095253
0.3908497643849193
0.41729445684523847
0.0
0.0
0.03125
0.0
0.5753720238095227
0.006696428571428572
0.0
0.0009765625
0.0
0.4419348338293651
0.5225260416666666
0.07714843749999997
0.0006510416666666665
0.0
0.016992187500000006
0.02408854166666668
0.4213541666666679
0.00434027777777778
0.48541666666666733
0.37239583333333265
0.4403289310515874
0.18835565476190505
0.2089192708333338
0.4720703125000009
0.4216145833333338
0.4866536458333331
0.025781250000000012
0.11432291666666647
0.0
0.0
0.024147727272727258
0.024390811011904764
0.01936693948412699
0.1786644345238096
0.4815755208333343
0.3498883928571443
0.4176432291666669
0.0071614583333333304
0.0
0.0037047371031746043
0.4398902529761907
0.0
0.17357545882936531
0.4992280505952389
0.8175223214285735
0.5171875000000004
0.013281249999999998
0.03645833333333333
0.24628906250000024
0.4767795138888885
0.0
0.5241815476190466
0.07890624999999994
0.2652994791666668
0.0037434895833333335
0.3614583333333333
0.009114583333333329
0.36699373759920617
0.18541666666666684
0.007291666666666664
0.333984375
0.41178385416666713
0.4553106398809527
0.5916666666666676
0.11718749999999993
0.5091145833333334
0.0
0.008463541666666668
0.0007812499999999998
0.3850260416666676
0.0
0.0
0.052232142857142796
0.1489583333333334
0.022298177083333332
0.0
0.021130952380952393
0.36565755208333306
0.3160156250000009
0.39609375000000024
0.0
0.1692801339285714
0.13553757440476163
0.0
0.0
0.4716796875000009
0.02222842261904763
0.26562500000000006
0.05617559523809522
0.827194940476193
0.6657552083333331
0.09618055555555548
0.5369233630952386
0.4141276041666664
0.10463169642857136
0.4555059523809525
0.0
0.01986607142857143
0.7750186011904778
0.006587921626984126
0.44791666666666663
0.08072916666666656
0.10463169642857136
0.016764322916666664
0.009711371527777778
0.4793945312499995
0.10463169642857136
0.0
0.0032552083333333326
0.0
0.0006510416666666665
0.0
0.0
0.012890625
0.0
0.0
0.0
0.0
0.0
0.5735026041666665
0.0031389508928571434
0.5808872767857148
0.07083333333333326
0.0
0.13699776785714285
0.0
0.5729817708333331
0.47279420882936557
0.0109375
0.45212673611111137
0.23671875000000023
0.08621651785714284
0.010156249999999999
0.5443359375000003
0.33854166666666663
0.011114211309523808
0.5017051091269836
0.20260416666666736
0.006045386904761902
0.0
0.0
0.762648809523811
0.0
0.015997023809523805
0.08463541666666664
0.10305059523809515
0.010044642857142854
0.19580853174603186
0.5950520833333324
0.20520833333333327
0.2125000000000007
0.12313988095238076
0.3479166666666664
0.0
0.5940290178571431
0.0015624999999999997
0.31380208333333365
0.0
0.0
0.3635974702380961
0.2573102678571428
0.11249999999999993
0.21082589285714282
0.1919270833333336
0.0
0.009300595238095236
0.029817708333333342
0.072265625
0.27864583333333337
0.24902343750000036
0.7787930927579352
0.48960658482142855
0.5292968749999996
0.21080729166666629
0.49801432291666636
0.02533482142857144
0.016725570436507936
0.09316406249999996
0.0
0.148809523809524
0.27339099702380953
0.5041000124007934
0.0
0.0
0.0
0.0
0.020349702380952378
0.0
0.0
0.006417410714285714
0.0
0.0
0.0
0.3749534970238105
0.01193181818181818
0.0
0.48919270833333384
0.008203124999999999
0.008203124999999999
0.01339285714285714
0.20234375000000052
0.0
0.11249999999999981
0.10467819940476181
0.0029079861111111116
0.03266834077380952
0.0
0.06880115327380948
0.0
0.0
0.0
0.5035156249999995
0.5333984374999993
0.12304687499999985
0.07998511904761904
0.005321490575396826
0.0
0.0
0.006161644345238094
0.0
0.0007812499999999998
0.005115327380952382
0.055273437499999994
0.0032552083333333335
0.0115234375
0.5949032738095235
0.0
0.0
0.0023437499999999995
0.003906249999999999
0.005896577380952379
0.0013020833333333335
0.0
0.007552083333333332
0.0
0.001116071428571429
0.0
0.0
0.0
0.16982421875000012
0.003906249999999999
0.0078125
0.0
0.5127232142857137
0.0
0.025000000000000012
0.0
0.0017671130952380955
0.7408854166666656
0.0
0.08510044642857127
0.0203125
0.0
0.5187499999999999
0.03236607142857146
0.1452752976190476
0.0
0.0
0.06975446428571425
0.009114583333333329
0.0
0.0
0.030859375000000015
0.13937872023809514
0.5414992559523807
0.0
0.7015625000000011
0.025585937500000013
0.3382440476190482
0.0023437499999999995
0.45070684523809573
0.0016741071428571434
0.0
0.003348214285714287
0.17708333333333323
0.2871093749999998
0.0
0.0
0.49837239583333326
0.0019531249999999996
0.0
0.4878906250000003
0.118861607142857
0.002511160714285714
0.006249999999999999
0.0
0.2691406250000008
0.0
0.49209449404761907
0.027752976190476203
0.3541666666666674
0.06757812499999989
0.34421037946428634
0.0
0.055013020833333294
0.01813616071428571
0.008370535714285714
0.319126674107144
0.4258370535714296
0.0
0.28953683035714306
0.5022786458333334
0.005282738095238094
0.0
0.14166666666666658
0.003348214285714287
0.007812499999999998
0.09877232142857131
0.05915178571428568
0.41777343750000023
0.0
0.07345145089285714
0.0
0.0
0.0
0.0
0.45075334821428564
0.0
0.022832961309523822
0.10500372023809534
0.0007812499999999998
0.0
0.4541666666666671
0.0
0.3424479166666673
0.019066220238095236
0.0240327380952381
0.011718749999999993
0.0
0.007812499999999998
0.1696428571428572
0.0
0.018750000000000006
0.016880580357142856
0.02669270833333334
0.6315104166666662
0.04361979166666663
0.0
0.0
0.0078125
0.0
0.3320312500000002
0.3870535714285719
0.06309523809523802
0.0
0.0
0.17759486607142874
0.0069444444444444475
0.006835937500000002
0.002092633928571429
0.02539062500000001
0.0147491939484127
0.024758444680319635
0.05507812499999993
0.06852213541666664
0.0166015625
0.00390625
0.031901041666666664
0.0
0.048958333333333284
0.3447916666666661
0.016167534722222227
0.009765624999999997
0.48470052083333237
0.03741164434523812
0.0
0.013609871031746032
0.016090029761904757
0.171875
0.08973524305555546
0.23274739583333395
0.0007812499999999998
0.059198288690476226
0.013191344246031748
0.004464285714285716
0.4039062500000007
0.21210937500000007
0.0
0.06591796874999994
0.0
0.0
0.018732948908730167
0.06380208333333334
0.0
0.33690476190476165
0.011035156249999995
0.006380208333333332
0.029203869047619076
0.02904575892857144
0.042418464781746025
0.48378906249999964
0.0005580357142857145
0.19810267857142844
0.008909970238095238
0.3710286458333339
0.0
0.005231584821428572
0.006281565656565657
0.0027343749999999994
0.01861979166666667
0.01158854166666666
0.0
0.1077582465277779
0.0
0.6132998511904761
0.007905505952380952
0.38528645833333375
0.0
0.37878069196428626
0.3876674107142857
0.5011718749999988
0.3485006313131314
0.6638764880952388
0.04062500000000001
0.4871093750000003
0.07986886160714282
0.2639276413690476
0.37499999999999845
0.44564577132936545
0.13048735119047628
0.14239986359126988
0.013735006313131317
0.427455357142858
0.4375000000000002
0.0
0.2092013888888888
0.006696428571428572
0.6605892913510094
0.35305989583333364
0.12310267857142838
0.21661086309523764
0.0
0.4062499999999998
0.41953125000000124
0.18541666666666648
0.04109623015873011
0.43281250000000143
0.016015625000000002
0.004687499999999999
0.47839161706349204
0.11176215277777765
0.0
0.2176106770833334
0.3953125000000017
0.08851841517857134
0.004464285714285716
0.5691886780753974
0.0
0.4781901041666673
0.25410156250000077
0.00043402777777777797
0.1743892609126987
0.0005580357142857145
0.3959263392857149
0.06837487599206343
0.5576290246212132
0.0
0.006022135416666666
0.25850229414682524
0.0
0.4009021577380954
0.13774956597222224
0.001302083333333333
0.034559461805555504
0.6793573288690476
0.5146391369047622
0.06808035714285705
0.2422526041666669
0.049743529040404
0.40848214285714346
0.19648437500000027
0.5921068948412699
0.008072916666666664
0.01715494791666667
0.02307477678571429
0.00043402777777777797
0.5608072916666674
0.57421875
0.0
0.33437500000000064
0.39672619047619134
0.36351376488095316
0.41580636160714374
0.005468749999999999
0.0
0.02829241071428573
0.4167968750000005
0.29116358901515177
0.2443080357142859
0.0007812499999999998
0.423828125000001
0.1314437624007936
0.009244791666666665
0.12239583333333326
0.5562499999999981
