0.10204761904761903
0.24075000000000032
0.43830357142857035
0.023443452380952377
0.17123214285714297
0.2767083333333338
0.4858333333333325
0.003083333333333333
0.4160000000000026
0.4160079365079366
0.24027976190476216
0.07916666666666677
0.010160714285714287
0.15455555555555572
0.3525317460317463
0.09979301948051951
0.19757440476190496
0.023937500000000004
0.021023809523809528
0.0036309523809523814
0.3888690476190474
0.033514880952380914
0.00863095238095238
0.29954365079365125
0.6043333333333328
0.029827380952380942
0.48700297619047617
0.1563333333333334
0.39627380952380875
0.2773095238095242
0.221625
0.26587500000000047
0.004285714285714286
0.020333333333333342
0.4611309523809525
0.0
0.22868551587301625
0.14318650793650808
0.0016736111111111116
0.34558333333333363
0.16092261904761934
0.0
0.19507738095238106
0.4611309523809525
0.5860416666666663
0.15892261904761906
0.5516964285714284
0.2695833333333334
0.05329861111111109
0.03195833333333333
0.6060416666666658
0.42682142857142785
0.10311309523809528
0.0
0.0174404761904762
0.02944444444444438
0.017098214285714296
0.2959037698412703
0.15722619047619063
0.22932440476190524
0.31267559523809535
0.19114583333333382
0.6369999999999998
0.023784722222222218
0.04608531746031743
0.0028869047619047624
0.02891865079365079
0.3469811507936511
0.006305916305916304
0.039727182539682486
0.6888988095238097
0.19820833333333387
0.014440476190476193
0.148934523809524
0.06722817460317457
0.33002976190476196
0.0003125
0.161732142857143
0.13852083333333315
0.0
0.004196428571428571
0.5288333333333325
0.02710714285714285
0.08895039682539674
0.014988095238095247
0.10057142857142849
0.2760178571428577
0.38692857142857107
0.0003125
0.0015476190476190483
0.12737896825396822
0.022723214285714288
0.03931249999999995
0.012500000000000004
0.30927083333333333
0.14485813492063507
0.08020932539682533
0.2124761904761906
0.10763591269841248
0.0
0.28106944444444515
0.08087499999999992
0.45857142857142746
0.4160079365079355
0.05479166666666664
0.01385642135642136
0.023499999999999997
0.2737083333333339
0.1951329365079368
0.13204166666666686
0.4124910714285712
0.021464285714285686
0.12045535714285743
0.006428571428571428
0.2846517857142858
0.020276785714285716
0.4611309523809525
0.07525595238095235
0.16522321428571426
0.03620833333333333
0.2477500000000004
0.453357142857141
0.09740575396825411
0.18195238095238145
0.34941567460317435
0.030372023809523793
0.11894047619047612
0.022919642857142857
0.3693690476190474
0.0
0.23794642857142914
0.14614285714285738
0.0003125
0.006032738095238096
0.04062996031746028
0.03721626984126977
0.4531577380952369
0.34339583333333373
0.008720238095238093
0.016455357142857157
0.11197321428571434
0.44738095238095105
0.31281349206349196
0.192472492784993
0.12686309523809533
0.4190783730158728
0.017261904761904777
0.48194642857142833
0.3087500000000004
0.3221428571428575
0.05282242063492062
0.0
0.009698412698412697
0.0
0.03867857142857142
0.0018452380952380953
0.00035714285714285725
0.3003928571428575
0.32308630952381007
0.0
0.009009920634920635
0.07319083694083682
0.043770833333333314
0.32316964285714306
0.24729761904761968
0.4316041666666661
0.02241666666666666
0.28514583333333354
0.012309523809523808
0.37162202380952375
0.024011904761904766
0.08141071428571436
0.034142857142857114
0.023208333333333327
0.007249999999999996
0.0024999999999999996
0.003333333333333335
0.026484126984126978
0.2644665404040406
0.1296904761904763
0.46556249999999855
0.16239384920634958
0.11311868686868695
0.039952380952380934
0.2579583333333335
0.377186507936506
0.1608333333333336
0.48466666666666586
0.40628571428571364
0.030482142857142853
0.349732142857143
0.4471964285714272
0.4026289682539677
0.4384642857142858
0.23893452380952504
0.5780416666666667
0.006202380952380952
0.38296428571428565
0.31461309523809566
0.3523651695526695
0.29919047619047684
0.0
0.3935744047619044
0.04974702380952376
0.3375595238095233
0.1418869047619046
0.06383333333333331
0.5188452380952358
0.14155357142857203
0.0
0.4968809523809522
0.09671527777777796
0.01818750000000001
0.4847123015873011
0.013375000000000005
0.5077916666666655
0.038499999999999944
0.37629166666666586
0.12385119047619061
0.0
0.06338690476190473
0.1600595238095235
0.004999999999999999
0.0014434523809523812
0.3507857142857146
0.3710416666666664
0.32451488095238096
0.22402380952381015
0.37906249999999986
0.34595833333333254
0.08015972222222217
0.0051874999999999985
0.46764880952380866
0.2622500000000002
0.025946428571428565
0.2633333333333335
0.28895833333333354
0.0009999999999999998
0.1874126984126984
0.043339285714285705
0.21807142857142925
0.07376785714285712
0.06454761904761903
0.48754861111111153
0.23020833333333343
0.7343452380952395
0.30670833333333414
0.3263005952380955
0.12838690476190476
0.05291666666666667
0.5445833333333328
0.013511904761904763
0.016524801587301595
0.46597321428571253
0.31094246031746076
0.411464285714286
0.039952380952380934
0.11286111111111133
0.04147619047619047
0.010208333333333333
0.4678561507936512
0.24251190476190526
0.25636408730158755
0.09126190476190477
0.03366071428571426
0.0009166666666666664
0.3790277777777783
0.06851190476190469
0.30862202380952414
0.2267500000000001
0.06822619047619047
0.3052053571428576
0.0
0.2932380952380951
0.006458333333333332
0.0
0.4746180555555561
0.4079315476190473
0.22316071428571482
0.21839880952380974
0.13606944444444466
0.41051984126983987
0.5855476190476194
0.21566666666666745
0.09701785714285723
0.13929761904761903
0.0
0.15345833333333336
0.0003125
0.22995833333333363
0.03160416666666662
0.0021875
0.0035267857142857145
0.0
0.31898412698412754
0.5790416666666666
0.022071428571428582
0.00219047619047619
0.0004999999999999999
0.0
0.03198710317460318
0.47178571428571525
0.0
0.4234583333333338
0.3823333333333341
0.30759523809523903
0.23534523809523855
0.3360892857142861
0.4843392857142861
0.3790000000000015
0.20062500000000008
0.0617916666666666
0.3466636904761905
0.007518849206349206
0.0
0.01313492063492064
0.05383928571428567
0.018333333333333347
0.35560714285714234
0.41166666666666735
0.3211190476190481
0.4140000000000007
0.03144841269841269
0.0
0.004499999999999999
0.34442559523809513
0.003782738095238095
0.0346001984126984
0.45412499999999945
0.5004811507936492
0.3487916666666656
0.0
0.00225
0.5004583333333336
0.4565624999999989
0.002166666666666666
0.39152083333333215
0.40095833333333397
0.045124999999999985
0.007748015873015872
0.3495833333333331
0.005252976190476188
0.35105753968253933
0.28350000000000114
0.013380952380952387
0.3877797619047628
0.066125
0.2978313492063494
0.3046696428571438
0.021875
0.047193452380952364
0.003571428571428572
0.0225
0.19350000000000012
0.4903749999999981
0.001428571428571429
0.19714880952380973
0.0369613095238095
0.01814285714285714
0.016325757575757577
0.0016666666666666668
0.08087797619047617
0.37958333333333255
0.27287500000000087
0.44583333333333414
0.004870039682539683
0.13452678571428656
0.12804861111111157
0.018636904761904775
0.0013392857142857145
0.5109166666666667
0.16590773809523804
0.48500000000000015
0.14923214285714312
0.04255952380952376
0.626041666666666
0.009940476190476185
0.2762976190476195
0.1888025793650794
0.24379761904761935
0.31920833333333354
0.004305555555555557
0.2770833333333335
0.08424999999999998
0.005861111111111114
0.3055178571428583
0.01175
0.24379761904761935
0.010833333333333328
0.006214285714285713
0.20600000000000024
0.24379761904761935
0.0
0.03948809523809518
0.031035714285714267
0.046333333333333296
0.0
0.0040416666666666665
0.011250000000000003
0.0020238095238095236
0.0
0.003738095238095237
0.0004166666666666666
0.0
0.22467857142857162
0.0
0.29241666666666655
0.0003125
0.001875
0.2809166666666675
0.014375000000000002
0.5852202380952377
0.17725000000000024
0.0009999999999999998
0.13321825396825399
0.14263095238095239
0.033447420634920615
0.015619047619047626
0.4642916666666686
0.4239583333333339
0.035907738095238055
0.1369583333333335
0.1828333333333341
0.12968750000000018
0.01125
0.03526785714285713
0.5172222222222224
0.003125
0.1301785714285715
0.1596011904761906
0.02303869047619048
0.008263888888888887
0.259187500000001
0.5840297619047614
0.18710119047619142
0.08116666666666665
0.0023863636363636366
0.02185416666666668
0.004291666666666666
0.5570059523809533
0.0032976190476190475
0.0062256493506493505
0.0
0.014166666666666668
0.1747380952380955
0.12138492063492086
0.0
0.12755654761904783
0.1646309523809526
0.12261904761904814
0.23408333333333378
0.014166666666666666
0.08354166666666664
0.27947916666666645
0.25712500000000016
0.6780803571428549
0.46517460317460374
0.21625000000000016
0.28751488095238065
0.14033333333333334
0.1662083333333333
0.012202651515151515
0.015625
0.0
0.3759702380952388
0.2897678571428578
0.48820238095238017
0.0
0.0004166666666666666
0.027333333333333317
0.0
0.007916666666666662
0.013051587301587295
0.0
0.0008333333333333332
0.005499999999999998
0.006116071428571429
0.0
0.16946428571428576
0.0005555555555555558
0.0009999999999999998
0.1737916666666669
0.07308531746031743
0.07308531746031743
0.028810606060606026
0.2547311507936514
0.007142857142857142
0.006140442890442891
0.1032162698412701
0.021376893939393907
0.004472222222222223
0.0010675505050505051
0.16030952380952407
0.01125
0.01217857142857143
0.0006818181818181821
0.5139166666666657
0.5274940476190472
0.018750000000000006
0.056691107503607466
0.0
0.0
0.017717261904761906
0.03359523809523806
0.04535615079365073
0.007991071428571424
0.006934523809523811
0.0641488095238095
0.03279166666666664
0.0009999999999999998
0.3406666666666671
0.007249999999999999
0.0021428571428571434
0.012500000000000002
0.0021875
0.11752380952380954
0.020250000000000004
0.004070512820512823
0.0
0.04423566017316022
0.01376984126984127
0.003910714285714286
0.0
0.0009166666666666664
0.029184523809523796
0.0009772727272727272
0.031999999999999966
0.014399981962481968
0.40513690476190406
0.07092261904761901
0.038101190476190434
0.05453571428571427
0.010375
0.6133928571428566
0.0034523809523809524
0.1397976190476192
0.007547619047619044
0.0012499999999999998
0.3182499999999998
0.015071428571428576
0.424719246031746
0.0
0.00363095238095238
0.16176785714285669
0.28415476190476174
0.0032499999999999994
0.03917857142857138
0.14190178571428583
0.33820138888888857
0.42699503968253916
0.0
0.5128333333333317
0.20958333333333334
0.11387499999999996
0.009708333333333331
0.1458333333333336
0.0032628968253968255
0.0016666666666666663
0.02732142857142856
0.025336309523809525
0.1858630952380958
0.004642857142857142
0.0013333333333333333
0.463208333333333
0.000625
0.004964285714285714
0.013166666666666669
0.13928075396825412
0.007857142857142856
0.007738095238095235
0.0
0.07951190476190476
0.0006944444444444445
0.36216468253968254
0.015458333333333334
0.285119047619049
0.1538154761904765
0.3212023809523814
0.0004166666666666666
0.021238095238095247
0.013916666666666671
0.026388888888888865
0.3655697150072153
0.3379880952380953
0.009999999999999993
0.2731666666666675
0.4299464285714272
0.00125
0.05474999999999992
0.006333333333333332
0.0033283730158730164
0.012226190476190479
0.0756815476190475
0.008333333333333331
0.22430952380952415
0.012974837662337667
0.011839646464646462
0.006477272727272727
0.05216666666666664
0.003999999999999999
0.002999999999999999
0.3270357142857144
0.003749999999999999
0.05538095238095237
0.23722321428571455
0.023999999999999994
0.013946428571428571
0.42816666666666664
0.02841666666666666
0.19887500000000055
0.024444444444444442
0.0040972222222222235
0.00733333333333333
0.0
0.0
0.18766666666666687
0.013375000000000001
0.05677976190476184
0.0
0.019270833333333338
0.4176904761904765
0.00035714285714285725
0.001428571428571429
0.006964285714285711
0.03054166666666664
0.030406655844155826
0.3082410714285722
0.08983333333333318
0.002666666666666666
0.021535714285714293
0.06495238095238093
0.0
0.025707070707070706
0.0
0.0
0.010392857142857141
0.005952380952380952
0.04146581196581195
0.05269047619047616
0.013000000000000001
0.0057787698412698416
0.029124999999999984
0.1815416666666667
0.0
0.039547619047619
0.07922023809523812
0.0174107142857143
0.0343005952380952
0.3129166666666663
0.07780952380952376
0.032235750360750326
0.009523809523809525
0.025175595238095254
0.007666666666666666
0.06733405483405476
0.05249999999999993
0.015755952380952388
0.00450892857142857
0.04045833333333329
0.034142857142857114
0.19652380952380968
0.12944841269841295
0.015735119047619053
0.09092343073593076
0.007857142857142858
0.002999999999999999
0.0038392857142857152
0.20366666666666672
0.002857142857142858
0.3179960317460318
0.011990079365079367
0.003125
0.04836904761904757
0.007666666666666667
0.22216666666666762
0.33566666666666684
0.011472222222222224
0.07170833333333328
0.0022321428571428575
0.23116666666666696
0.0
0.0013392857142857145
0.02241414141414138
0.0021428571428571434
0.04179166666666664
0.004508928571428571
0.0
0.05779761904761898
0.044375
0.1854642857142859
0.04695634920634917
0.10175000000000002
0.004166666666666665
0.29837896825396887
0.3918749999999997
0.3591666666666674
0.3643041125541117
0.5001587301587312
0.03766071428571429
0.13799999999999996
0.17716071428571437
0.12439619408369423
0.5628333333333324
0.5666726190476182
0.14405357142857145
0.19021428571428586
0.03565656565656562
0.37608333333333344
0.3900000000000016
0.0
0.15662202380952409
0.010491071428571428
0.4749027777777777
0.2314940476190479
0.06089880952380954
0.18925
0.02314880952380953
0.19475000000000045
0.013500000000000003
0.14190476190476212
0.02858333333333331
0.3700416666666682
0.0193154761904762
0.08764285714285719
0.2583035714285718
0.1196101190476191
0.008154761904761903
0.2960952380952387
0.3930833333333345
0.011142857142857138
0.02372916666666667
0.4869057539682538
0.0
0.37473809523809576
0.203333333333334
0.0013888888888888896
0.1365833333333337
0.0
0.2179166666666669
0.0737678571428571
0.313460317460318
0.000625
0.01913194444444446
0.09063492063492051
0.0
0.27338095238095284
0.1238273809523811
0.14657142857142844
0.168827380952381
0.5180565476190467
0.5021666666666651
0.048352182539682494
0.17579166666666687
0.021806547619047635
0.1957053571428575
0.26325000000000026
0.471391865079366
0.0022619047619047623
0.00698737373737374
0.05168154761904759
0.0
0.5144583333333336
0.5174999999999994
0.001125
0.23904166666666785
0.34405456349206337
0.32753075396825465
0.33058333333333345
0.04422123015873013
0.0036666666666666657
0.08808333333333326
0.3739166666666683
0.4647440476190474
0.00776190476190476
0.05545833333333332
0.36662500000000087
0.0033611111111111107
0.0451944444444444
0.03517857142857143
0.442708333333332
