0.0
0.22999999999999987
0.37607142857142845
0.0
0.17300000000000004
0.40099999999999963
0.6499999999999992
0.0
0.37183333333333274
0.637043650793651
0.26866666666666655
0.11033333333333335
0.0
0.2302380952380951
0.744285714285714
0.024742063492063496
0.45676190476190487
0.041428571428571405
0.0
0.09904761904761905
0.5256904761904764
0.0
0.0
0.38066666666666665
0.6831666666666668
0.0
0.617559523809524
0.38309523809523816
0.32933333333333326
0.0941904761904762
0.425
0.055714285714285744
0.024761904761904752
0.16583333333333336
0.7380952380952376
0.0
0.42470238095238066
0.33317460317460296
0.0058333333333333345
0.36799999999999977
0.16892857142857134
0.006999999999999998
0.47171428571428586
0.7380952380952376
0.6451666666666671
0.023333333333333327
0.43142857142857166
0.6975238095238094
0.18875
0.020892857142857144
0.6536666666666672
0.6938571428571427
0.062285714285714305
0.0
0.11000000000000004
0.44233333333333297
0.08166666666666669
0.5071666666666667
0.4285714285714286
0.4344047619047619
0.4454545454545459
0.3284325396825394
0.7234999999999999
0.019999999999999997
0.13898809523809516
0.062142857142857146
0.001428571428571429
0.4530952380952381
0.0
0.0
0.7379047619047618
0.4440000000000003
0.0
0.5136666666666665
0.2626190476190474
0.556309523809524
0.0
0.1966666666666666
0.16519047619047625
0.0
0.0
0.34419047619047616
0.12726190476190477
0.0
0.008333333333333333
0.31994047619047594
0.4294999999999998
0.4507142857142858
0.008571428571428574
0.7185714285714282
0.0
0.016428571428571424
0.3131547619047619
0.04083333333333332
0.6183333333333327
0.29103174603174575
0.1128333333333333
0.3139797979797978
0.03305555555555556
0.0
0.5028571428571427
0.02
0.48138095238095213
0.6370436507936511
0.24522222222222204
0.06309523809523811
0.2769999999999996
0.3443333333333333
0.20999999999999994
0.2589999999999998
0.5006666666666666
0.03904761904761903
0.060535714285714304
0.0
0.3742222222222222
0.0706666666666667
0.7380952380952376
0.12933333333333333
0.6056666666666667
0.20933333333333312
0.1599999999999999
0.20119047619047617
0.3968333333333336
0.24166666666666675
0.6248214285714284
0.016190476190476186
0.12142857142857144
0.001428571428571429
0.5359999999999999
0.15619047619047602
0.25
0.056000000000000015
0.0
0.03123015873015874
0.03880952380952381
0.007857142857142858
0.5040000000000002
0.646488095238095
0.00625
0.24583333333333332
0.265674603174603
0.6013333333333332
0.2481818181818186
0.19182539682539673
0.24072222222222206
0.2627579365079364
0.0
0.7106190476190472
0.0115
0.4940476190476192
0.18021825396825408
0.019095238095238092
0.03190476190476189
0.0
0.0
0.021071428571428567
0.027619047619047613
0.4004761904761902
0.45675000000000027
0.0
0.006428571428571429
0.12764430014430006
0.0
0.6260714285714287
0.3333134920634919
0.5640952380952376
0.0
0.5823214285714284
0.005999999999999998
0.5361428571428569
0.009146825396825398
0.17571428571428555
0.0
0.02499999999999999
0.0
0.0
0.0
0.015476190476190475
0.1865277777777777
0.48099999999999987
0.4742857142857144
0.13785714285714282
0.09142857142857146
0.1989880952380952
0.44533333333333325
0.3866666666666667
0.36333333333333334
0.37344444444444413
0.5760476190476189
0.05392857142857143
0.5008333333333332
0.5539523809523816
0.050238095238095234
0.5001388888888886
0.11799999999999995
0.6636666666666666
0.0
0.182
0.4043452380952381
0.4534920634920638
0.3226666666666662
0.0
0.14466666666666644
0.01433333333333333
0.25607142857142834
0.0054285714285714284
0.21166666666666664
0.6891428571428564
0.14085714285714274
0.0
0.6803333333333333
0.005
0.0
0.8199999999999986
0.018333333333333333
0.8154761904761904
0.3964999999999999
0.49248809523809534
0.25500000000000034
0.02452380952380952
0.0225
0.27466666666666656
0.0
0.0
0.2579999999999997
0.28966666666666646
0.28333333333333327
0.2904166666666665
0.2827182539682539
0.24499999999999997
0.0
0.17449999999999993
0.538571428571429
0.019999999999999997
0.0
0.22216666666666657
0.439666666666667
0.0
0.5034126984126985
0.011904761904761908
0.3043333333333329
0.6266666666666667
0.1161666666666667
0.4099404761904761
0.0
0.6839999999999999
0.23216666666666658
0.0025
0.42797619047619045
0.01
0.6676666666666664
0.01902380952380952
0.03464285714285714
0.5960000000000008
0.17464285714285707
0.6021666666666665
0.1989880952380952
0.1388095238095238
0.47
0.5008333333333332
0.5358333333333333
0.2909523809523808
0.36595238095238053
0.05366666666666666
0.06190476190476195
0.0016666666666666663
0.8591666666666669
0.5306666666666664
0.4008333333333334
0.3858333333333334
0.22449999999999967
0.5744285714285712
0.0
0.0
0.002857142857142858
0.0
0.7111904761904758
0.3096626984126982
0.2097619047619048
0.21517857142857127
0.13509523809523805
0.6205952380952382
0.8123809523809519
0.4129563492063491
0.40928571428571403
0.0
0.0
0.025
0.0
0.5679047619047618
0.008571428571428574
0.0
0.0
0.0
0.4783174603174605
0.5920000000000003
0.0892857142857143
0.0016666666666666663
0.0
0.007999999999999998
0.02053571428571429
0.41699999999999965
0.00666666666666667
0.45333333333333314
0.3753333333333328
0.47089285714285717
0.1723809523809523
0.202833333333333
0.42183333333333306
0.40533333333333277
0.5
0.03300000000000001
0.13133333333333325
0.0
0.0
0.02727272727272726
0.0394047619047619
0.031400793650793665
0.20428571428571424
0.4473333333333331
0.3968055555555553
0.3826666666666663
0.014999999999999996
0.0
0.001428571428571429
0.4500952380952381
0.0
0.1477380952380951
0.46242857142857113
0.8159523809523808
0.5270000000000001
0.01666666666666666
0.05499999999999999
0.23899999999999988
0.47750000000000015
0.0
0.5173333333333335
0.05600000000000001
0.23583333333333326
0.0
0.3916666666666667
0.01333333333333333
0.3636904761904761
0.1799999999999998
0.003999999999999999
0.275
0.5035000000000003
0.4585119047619047
0.5838333333333334
0.14666666666666667
0.6445000000000003
0.0
0.011666666666666667
0.0019999999999999996
0.529
0.0
0.0
0.024761904761904752
0.1693333333333332
0.028888888888888895
0.0
0.03104761904761904
0.30795238095238076
0.3509999999999998
0.550833333333333
0.0
0.16277777777777758
0.1366666666666665
0.0
0.0
0.4359999999999999
0.03285714285714285
0.5266666666666666
0.05791666666666665
0.8366666666666663
0.6726666666666662
0.10916666666666647
0.5466666666666665
0.41380952380952346
0.05767857142857143
0.43085714285714294
0.0
0.01809523809523809
0.7738095238095234
0.01115079365079365
0.4559999999999995
0.08000000000000008
0.05767857142857143
0.017380952380952382
0.013214285714285717
0.500222222222222
0.05767857142857143
0.0
0.004999999999999999
0.0
0.0
0.0
0.0
0.017999999999999995
0.0
0.0
0.0
0.0
0.0
0.6119999999999999
0.004107142857142858
0.6473333333333332
0.06600000000000002
0.0
0.135
0.0
0.6113333333333335
0.4911388888888888
0.0
0.49113888888888907
0.35833333333333334
0.08821428571428573
0.0
0.59
0.34666666666666673
0.017142857142857144
0.5103849206349209
0.20466666666666625
0.0
0.0
0.0
0.7678571428571425
0.0
0.025952380952380946
0.1866666666666667
0.10733333333333332
0.009047619047619049
0.21619047619047616
0.6261666666666666
0.20799999999999957
0.21999999999999972
0.11984126984126975
0.35333333333333306
0.0
0.5995238095238095
0.0
0.3290952380952379
0.0
0.0
0.3756666666666665
0.2708095238095238
0.09399999999999997
0.19809523809523807
0.19190476190476174
0.0
0.015238095238095238
0.0
0.05
0.2583333333333333
0.23499999999999985
0.783015873015873
0.48690476190476184
0.6347619047619044
0.2210000000000001
0.4957222222222223
0.04035714285714285
0.02829365079365079
0.092
0.0
0.1523809523809522
0.317142857142857
0.5065079365079362
0.0
0.0
0.0
0.0
0.018095238095238095
0.0
0.0
0.00375
0.0
0.0
0.0
0.4023809523809521
0.018909090909090903
0.0
0.4866666666666666
0.0
0.0
0.011428571428571432
0.20499999999999993
0.0
0.09899999999999996
0.10809523809523805
0.0041111111111111105
0.0
0.0
0.08136904761904766
0.0
0.0
0.0
0.5956666666666667
0.6113333333333332
0.12599999999999997
0.10976190476190477
0.009833333333333335
0.0
0.0
0.002678571428571429
0.0
0.0
0.002857142857142858
0.0375
0.005
0.0175
0.6337619047619047
0.0
0.0
0.0
0.0
0.013428571428571425
0.0033333333333333335
0.0
0.007666666666666665
0.0
0.002857142857142858
0.0
0.0
0.0
0.21933333333333313
0.0
0.0
0.0
0.48857142857142905
0.0
0.04000000000000001
0.0
0.001428571428571429
0.7709523809523808
0.0
0.11023809523809522
0.037333333333333336
0.0
0.5133333333333328
0.03309523809523809
0.18428571428571433
0.0
0.0
0.08869047619047622
0.009999999999999998
0.0
0.0
0.051
0.1600952380952382
0.49309523809523786
0.0
0.7199999999999988
0.03250000000000001
0.39166666666666655
0.003999999999999999
0.46619047619047643
0.0
0.0
0.0
0.1499999999999998
0.31366666666666654
0.0
0.0
0.5054761904761906
0.0033333333333333327
0.0
0.499
0.11666666666666657
0.0047619047619047615
0.007999999999999998
0.0
0.26999999999999974
0.0
0.4830952380952381
0.025285714285714276
0.3403333333333333
0.0726666666666667
0.40540476190476193
0.0
0.09583333333333327
0.029238095238095223
0.001428571428571429
0.3460714285714283
0.5167142857142857
0.0
0.2776666666666666
0.5298809523809523
0.0030952380952380953
0.0
0.1133333333333333
0.0
0.005999999999999998
0.17999999999999994
0.03857142857142856
0.5173333333333335
0.0
0.12214285714285715
0.0
0.0
0.0
0.0
0.4414285714285715
0.0
0.0
0.09714285714285716
0.0
0.0
0.4953333333333333
0.0
0.4230000000000004
0.024285714285714275
0.023571428571428563
0.01666666666666666
0.0
0.011999999999999997
0.19999999999999993
0.0
0.017999999999999995
0.022261904761904764
0.05333333333333332
0.6753333333333333
0.07309523809523812
0.0
0.0
0.0
0.0
0.39399999999999963
0.39395238095238083
0.08428571428571432
0.0
0.0
0.17142857142857135
0.011111111111111117
0.004722222222222223
0.0025
0.035
0.023273809523809526
0.02313186813186812
0.07000000000000002
0.07333333333333333
0.014285714285714289
0.006666666666666667
0.035
0.0
0.07000000000000002
0.3913333333333331
0.008888888888888892
0.01595238095238095
0.5966666666666663
0.02946428571428571
0.0
0.02158730158730159
0.018809523809523804
0.125
0.10555555555555554
0.2391666666666665
0.0
0.06809523809523815
0.0
0.0
0.38799999999999957
0.2033333333333333
0.0
0.05972222222222221
0.0
0.0
0.017559523809523813
0.04916666666666668
0.0
0.32571428571428535
0.0
0.006166666666666666
0.028571428571428567
0.05035714285714285
0.05482539682539685
0.5145
0.0
0.20685714285714274
0.002857142857142858
0.3859999999999999
0.0
0.002857142857142858
0.0
0.0016666666666666663
0.01125
0.009999999999999998
0.0
0.13533333333333317
0.0
0.5847619047619049
0.01285714285714286
0.3941666666666667
0.0
0.38199999999999973
0.384857142857143
0.6011666666666658
0.3146666666666665
0.6383333333333331
0.01666666666666666
0.5566666666666668
0.07107142857142859
0.27454365079365056
0.4000000000000005
0.43803571428571414
0.14904761904761887
0.14644841269841266
0.019898989898989902
0.4296428571428572
0.41999999999999926
0.0
0.217361111111111
0.011428571428571432
0.6474040404040404
0.3149999999999997
0.15419047619047602
0.2352380952380952
0.0
0.40999999999999964
0.4059999999999993
0.1836666666666665
0.048857142857142835
0.4179999999999994
0.008999999999999998
0.007999999999999998
0.5287301587301588
0.11732142857142859
0.0
0.21763888888888874
0.4359999999999996
0.09410714285714285
0.005714285714285716
0.5956150793650792
0.0
0.47999999999999987
0.2774999999999995
0.0
0.1717142857142855
0.001428571428571429
0.39107142857142846
0.06553571428571425
0.6565757575757571
0.0
0.001428571428571429
0.2613095238095236
0.0
0.4025
0.13664682539682527
0.0
0.05555555555555552
0.7363095238095232
0.5193809523809524
0.0671428571428572
0.24299999999999977
0.05477777777777776
0.401785714285714
0.19549999999999967
0.5767857142857141
0.006666666666666665
0.011305555555555558
0.017047619047619048
0.0
0.5279999999999998
0.5499999999999996
0.0
0.3419999999999997
0.39786904761904757
0.36363095238095205
0.41785714285714287
0.011999999999999997
0.0
0.01833333333333333
0.3949999999999994
0.19498989898989869
0.25054761904761885
0.0
0.39899999999999936
0.11556746031746024
0.013666666666666666
0.12361111111111107
0.5500000000000004
