0.11023219205037382
0.2272727272727269
0.4735930735930731
0.02346517119244391
0.22392758756395106
0.3475206611570249
0.5640495867768593
0.008126721763085399
0.4033057851239661
0.44698281516463306
0.32850255804801276
0.046280991735537194
0.0
0.16592876820149546
0.4794700249245706
0.10801790037327222
0.23412042502951588
0.03369736324281778
0.0
0.009445100354191266
0.4726485635576547
0.046044864226682435
0.014315230224321131
0.30514561196379375
0.720661157024793
0.027744982290436836
0.6146202282565919
0.13124754033844935
0.48508461235733974
0.3140495867768591
0.2677685950413221
0.30491276400367273
0.010625737898465173
0.0
0.4616686343959072
0.0
0.3768365472910931
0.18728846910665076
0.003581267217630855
0.3614325068870525
0.17965367965367948
0.0
0.2598484848484848
0.4616686343959072
0.7111570247933883
0.10665092483274301
0.6810704447068086
0.31599763872491154
0.023760330578512404
0.042945690672963395
0.7012396694214875
0.48201495474222783
0.12218614718614715
0.0
0.021094057457693816
0.04637281910009179
0.02577725304998031
0.316332152695789
0.23565525383707187
0.24580873671782755
0.3311393152302242
0.17527548209366375
0.7566115702479339
0.024744195198740656
0.05571953299226031
0.002066115702479339
0.033861340679522504
0.3759838646202279
0.003568745304282495
0.07289125016397738
0.7682998819362448
0.2418732782369145
0.015197428833792473
0.13490751672569856
0.08918732782369147
0.4398366784730421
0.0
0.18604879968516305
0.1356749311294765
0.0
0.003246753246753247
0.7016922471467926
0.03153286107831562
0.12109733700642776
0.009838646202282567
0.08382526564344746
0.3565131837859111
0.37411452184179406
0.0
0.0030171848353666548
0.0873999737636101
0.03010625737898465
0.017906336088154264
0.021841794569067294
0.43565525383707177
0.18421881149153854
0.0725796930342385
0.20045913682277317
0.10268267086448904
0.0
0.34879640561458725
0.13663911845730015
0.4951593860684772
0.446982815164633
0.09033516988062443
0.0134297520661157
0.0
0.29228650137741047
0.19539551357733162
0.18526170798898065
0.42617079889807186
0.0398989898989899
0.12354715991079611
0.004722550177095633
0.3357962744326379
0.020543093270365992
0.4616686343959072
0.013498622589531677
0.22539354584809115
0.007162534435261708
0.24490358126721765
0.5249901613537977
0.11070116751934912
0.1460448642266823
0.5173652105470289
0.019628099173553726
0.1282959464777645
0.01510232192050374
0.46609602518693444
0.0
0.23160173160173148
0.17006099960645413
0.0
0.0009182736455463732
0.021526957890594254
0.0240456513183786
0.5343959071231797
0.43850846123573384
0.02125147579693034
0.032900432900432895
0.08299881936245568
0.5264462809917355
0.3718450741178012
0.21430360273335464
0.15389282434736973
0.44349337531155736
0.028630460448642255
0.6176702085792994
0.4033057851239666
0.46472845336481705
0.034779614325068875
0.0
0.010510953692771875
0.0
0.05560802833530107
0.0
0.0011806375442739083
0.24317197953561548
0.3657057588875769
0.0
0.014302112029384757
0.06725221518609946
0.06614521841794573
0.43860684769775654
0.2723829201101927
0.5696969696969695
0.04159779614325069
0.4468713105076738
0.008697363242817786
0.4508362849271938
0.03122130394857667
0.04273907910271548
0.02046438410074773
0.019559228650137737
0.007162534435261707
0.0057851239669421475
0.0
0.03740325331234422
0.30715209950747147
0.14691066509248318
0.46384297520661166
0.18088023088023064
0.12825361048501543
0.07606257378984654
0.35922865013774113
0.35941230486684994
0.16804407713498629
0.5598189689098775
0.5420306965761511
0.02821395775941231
0.41204250295159384
0.44383116883116924
0.41755214482487213
0.6273284796012071
0.2691755214482485
0.5698150334513972
0.0
0.5023120818575367
0.3570838252656433
0.4232114533767426
0.3140495867768591
0.0
0.44308343171979536
0.09405745769382132
0.3302833530106257
0.08629476584022043
0.03636363636363637
0.5655253837072017
0.13425816607634775
0.0
0.5741243604879966
0.11035353535353516
0.02243211334120425
0.5024924570379117
0.020247933884297523
0.6731601731601733
0.05371900826446283
0.5865013774104681
0.17920110192837477
0.0
0.03860684769775678
0.16640102321920508
0.006611570247933882
0.0010330578512396695
0.3520661157024794
0.34022038567493124
0.3242948970221696
0.20596221959858318
0.45362718089990844
0.3719008264462806
0.1094352617079888
0.007920110192837466
0.45784140102321924
0.33512396694214874
0.02405548996458087
0.24559228650137715
0.3482093663911845
0.0
0.09090909090909075
0.05313524858979406
0.26883116883116875
0.0802439984258166
0.09927194018103107
0.5005640823822639
0.28305785123966926
0.7823691460055093
0.4009543486816215
0.3750000000000004
0.14925226288862647
0.0
0.683471074380165
0.009641873278236913
0.03229371638462548
0.46590909090909116
0.2851436442345532
0.5905155450609999
0.07606257378984654
0.0870392234028597
0.04214876033057852
0.010330578512396695
0.5246851633215267
0.25597205824478547
0.2546897546897545
0.11132428177882722
0.0025580480125934673
0.0
0.43722943722943747
0.05214482487209759
0.30668372032008395
0.2772727272727272
0.1075167256985439
0.49114521841794523
0.0
0.360094451003542
0.009366391184573001
0.0
0.49368686868686873
0.46797520661157077
0.28026367571822086
0.2088154269972451
0.13380558835104261
0.47063164108618655
0.7193198215925483
0.1944903581267216
0.14663518299881925
0.16879181424635953
0.0
0.25
0.0010330578512396695
0.44421487603305815
0.04040404040404041
0.0030991735537190084
0.007526564344746163
0.0
0.3335301062573787
0.6207988980716251
0.028040141676505308
0.0046831955922865005
0.0
0.0
0.03528794437885348
0.6065722156631239
0.0
0.41432506887052284
0.3922865013774102
0.438410074773711
0.21015348288075544
0.44838646202282617
0.45863833136560345
0.4090909090909083
0.19008264462809915
0.0681818181818182
0.3648760330578511
0.011707988980716256
0.0
0.01147842056932966
0.08730158730158727
0.028925619834710734
0.43057851239669415
0.4005509641873271
0.3909878000787091
0.3954545454545452
0.05881870654597928
0.0
0.004958677685950412
0.3708185753640295
0.005608028335301064
0.020808736717827625
0.6294765840220381
0.5644431326249512
0.37079889807162547
0.0
0.004132231404958678
0.4904958677685948
0.5326151121605666
0.0013774104683195588
0.5296143250688707
0.37920110192837425
0.056611570247933896
0.012872228781319692
0.39118457300275505
0.0
0.3591597796143252
0.2590909090909086
0.022825659189295553
0.39449035812672156
0.07688902007083824
0.3425160697887972
0.2900432900432897
0.01942148760330578
0.07856158992522629
0.0
0.046831955922865015
0.25371900826446253
0.603305785123967
0.0
0.27039551357733155
0.0639512003148367
0.0
0.002191334835962936
0.002754820936639119
0.06152105470287292
0.5759937032664306
0.3381936245572607
0.6749311294765842
0.008271021907385545
0.16354453627180873
0.12543617998163434
0.02248130657221566
0.0
0.5290633608815425
0.255608028335301
0.482093663911846
0.1362816476452839
0.04840613931523024
0.7162534435261709
0.01101928374655647
0.3077528532073987
0.21477764659582835
0.24281778827233372
0.5556473829201101
0.006673881673881676
0.45096418732782434
0.12396694214876015
0.012488521579430678
0.3149940968122787
0.01859504132231405
0.24281778827233372
0.028925619834710724
0.004771743408107045
0.39807162534435275
0.24281778827233372
0.0
0.05060999606454153
0.036166863439590705
0.04848484848484849
0.0
0.0
0.005194805194805196
0.003935458480913026
0.0
0.0123573396300669
0.0
0.0
0.317978486160304
0.0
0.5303030303030299
0.0010330578512396695
0.004132231404958678
0.29504132231404956
0.021900826446280986
0.642581660763479
0.36749311294765846
0.0
0.21375770693952512
0.2522235340417159
0.005165289256198347
0.012298307752853208
0.48236914600550923
0.4669421487603304
0.03782959464777647
0.28946280991735546
0.20523415977961404
0.1972746950019676
0.0048209366391184574
0.05426013380558835
0.636986750623114
0.0
0.20713301849665472
0.19114521841794574
0.028482880755608023
0.0
0.3418929555293191
0.642581660763479
0.17441951987406515
0.040909090909090916
0.006386175807663412
0.03561589925226288
0.006336088154269971
0.7697756788665867
0.006768988587170405
0.004427390791027155
0.0
0.030303030303030283
0.2519382133018496
0.1059031877213694
0.0
0.1289879312606585
0.22286501377410464
0.12669552669552653
0.2727272727272724
0.02548209366391185
0.08884297520661158
0.2610192837465564
0.21666666666666654
0.7369146005509631
0.5209956709956708
0.1696969696969697
0.3103109012199923
0.32823691460055093
0.16239669421487596
0.008946907087402959
0.0
0.0
0.41385281385281486
0.3199724517906335
0.5541125541125538
0.0
0.0
0.05785123966942151
0.0
0.015151515151515145
0.020470943198215925
0.0
0.0013774104683195588
0.006060606060606059
0.0
0.0
0.21645021645021628
0.0
0.003305785123966941
0.16363636363636347
0.08641610914338187
0.08641610914338187
0.04240754653977795
0.29290633608815436
0.0
0.006611570247933882
0.13021120293847563
0.024824693213122973
0.002777777777777778
0.003529092578679356
0.20909090909090905
0.015197428833792473
0.007916830644103373
0.000751314800901578
0.6553719008264461
0.5355962219598581
0.03140495867768596
0.09356164955338506
0.0
0.0
0.021153089334907515
0.024203069657615102
0.05139052866325597
0.0242030696576151
0.006641086186540733
0.04132231404958678
0.05179063360881542
0.0
0.35722156631247537
0.013223140495867765
0.0
0.0
0.0030991735537190084
0.19319165682802053
0.024793388429752067
0.0
0.0
0.08298898071625348
0.006198347107438017
0.0
0.0
0.0
0.034317197953561585
0.0015777610818933133
0.028138528138528126
0.0
0.5086580086580084
0.07290436835891383
0.017316017316017313
0.11164537941397436
0.01239669421487603
0.8463203463203461
0.01023219205037387
0.14671389216843747
0.0
0.0027548209366391177
0.3409090909090908
0.013931523022432111
0.5053456644365734
0.0
0.0
0.1645021645021645
0.2788272333726881
0.004132231404958678
0.05981896890987804
0.08997441951987407
0.33001770956316406
0.557277318640955
0.0
0.6619834710743797
0.20881542699724506
0.15584415584415567
0.002833530106257379
0.15800865800865804
0.0
0.0
0.02912239275875638
0.026564344746162927
0.20991735537190073
0.0023612750885478166
0.0
0.6600255804801259
0.0
0.010625737898465172
0.01239669421487603
0.16602387511478411
0.014167650531286897
0.0
0.0
0.046044864226682414
0.0
0.4465761511216056
0.005509641873278235
0.2954479863570768
0.18107044470680822
0.4247146792601338
0.0
0.03864620228256592
0.019283746556473823
0.031221303948576685
0.42351615326821906
0.46517119244391997
0.022038567493112934
0.42561983471074394
0.5327626918536008
0.0
0.03140495867768593
0.0
0.004279811097992916
0.011570247933884295
0.09454939000393539
0.01672569854388036
0.2986619441164895
0.011774176236986157
0.01635898536724983
0.014771385639154234
0.06296733569460848
0.006611570247933882
0.0
0.4225206611570248
0.0
0.062258953168044105
0.26646005509641857
0.02644628099173554
0.012987012987012988
0.5088154269972451
0.03595041322314049
0.24675324675324634
0.025104945559491013
0.0028696051423324157
0.009405745769382133
0.0
0.0
0.27221566312475365
0.0
0.053325462416371525
0.0
0.02447855175127901
0.5443132624950803
0.0
0.0023612750885478166
0.015151515151515145
0.0
0.05212246431254694
0.30138724911452175
0.16101928374655625
0.005509641873278235
0.02786304604486422
0.041361668634395915
0.0
0.026509784980859364
0.0
0.0
0.0
0.0045913682277318665
0.06184476680344447
0.11483667847304205
0.013774104683195587
0.01283943329397875
0.04767807949626133
0.3779614325068871
0.0
0.08319559228650138
0.1261904761904761
0.023612750885478154
0.08367768595041321
0.3071625344352617
0.03662927981109799
0.042196164716825864
0.012052341597796145
0.018447461629279807
0.0
0.09756955624724216
0.05702479338842977
0.022432113341204245
0.003591105863833137
0.03510756919847828
0.06625344352617084
0.2687524596615502
0.13798701298701288
0.02702676111767021
0.11378841544130797
0.013134592680047227
0.006611570247933882
0.0
0.196556473829201
0.008264462809917359
0.27441951987406515
0.02235996326905418
0.010330578512396695
0.030696576151121587
0.0
0.21969696969696953
0.39834710743801627
0.010560146923783289
0.05867768595041325
0.0
0.23443526170798892
0.0
0.0
0.04718256949661905
0.005903187721369541
0.05132493768857405
0.01062573789846517
0.0
0.08492391446936903
0.0
0.22904368358913824
0.026652892561983468
0.06928374655647385
0.0027548209366391177
0.29345402072674787
0.4457300275482098
0.47011019283746514
0.4003506135737539
0.5396825396825395
0.041125541125541135
0.12134986225895322
0.16682408500590312
0.1337235996326905
0.5380165289256195
0.6349862258953163
0.2759543486816214
0.14834710743801643
0.06589030803906834
0.41883116883116916
0.43636363636363573
0.0
0.21713892168437615
0.03468122786304604
0.7014954742227469
0.2778040141676506
0.08063754427390787
0.21241637150728057
0.03541912632821723
0.38398268398268404
0.024478551751279023
0.10527351436442339
0.022038567493112934
0.3939393939393931
0.010625737898465173
0.15505706414797313
0.29559228650137737
0.15353207398661933
0.01023219205037387
0.35265643447461614
0.38181818181818167
0.014836678473042106
0.061147186147186186
0.46613865932047743
0.0
0.35324675324675303
0.20743801652892568
0.0
0.21322314049586796
0.0
0.35757575757575766
0.05176111767020859
0.38153614062704994
0.0
0.02020202020202021
0.07949626131444315
0.0
0.29717630853994464
0.18888232979142075
0.18262495080676902
0.21207201889020064
0.7174832743014553
0.6380165289256194
0.053246753246753244
0.12107438016528908
0.031877213695395513
0.3193034238488785
0.43677685950413214
0.6211301324937687
0.005116096025186935
0.008907254361799817
0.06616489571035032
0.0
0.5082644628099167
0.5019283746556468
0.0016528925619834706
0.2217630853994487
0.4256526301980847
0.3080316148497966
0.35361078315623795
0.04545454545454544
0.004132231404958677
0.05426997245179065
0.4121212121212116
0.4036402990948444
0.01023219205037387
0.021212121212121206
0.39999999999999913
0.005853994490358127
0.04848484848484846
0.04801259346713894
0.4839138134592682
