0.11707035755478658
0.22906574394463702
0.49680342725325377
0.028451969022903287
0.19686109738012864
0.3134948096885818
0.5184544405997689
0.004267589388696654
0.40830449826989806
0.4555857637172515
0.28247240072499613
0.0925028835063438
0.008510463008732908
0.15824957433953976
0.43121876201461035
0.12233931005557294
0.19866122919756146
0.02914401054539464
0.0051079255231504354
0.004448838358872962
0.4527928818586257
0.03848657109902784
0.008959466139396934
0.3177225792277696
0.6455017301038058
0.030915307299390345
0.6091201186356898
0.2008568133135608
0.43695007414730597
0.2967869500741474
0.2571510957324108
0.2965356730927669
0.005931784478497282
0.02514417531718571
0.4664195089800625
0.0
0.2729238754325262
0.1609106387653101
0.001883890811226452
0.3587658592848911
0.16778711484593856
0.0
0.20670758499478228
0.4664195089800625
0.6465397923875429
0.14923381117152734
0.6308617564672937
0.2971247322458396
0.06697286757840384
0.025271873455264462
0.6570934256055353
0.466847915636843
0.12831191300049433
0.0
0.024139067391662564
0.033833141099577024
0.013367111550502547
0.2991802603394303
0.16869335969681995
0.2561281375295216
0.32883369033888077
0.18769566650189523
0.6785467128027679
0.028333882572636908
0.052603394298895975
0.0039957159334321965
0.031086944581754282
0.3871889932443571
0.008727911842098693
0.05044763003240506
0.7183638161146817
0.24965397923875468
0.01671884440050531
0.13059812160158182
0.07733014774537265
0.3778958642280442
0.00043252595155709344
0.16104794859120128
0.14742956005931773
0.0
0.005808205635195254
0.6193112539133296
0.03377821716922063
0.10000961168781224
0.01159993409128357
0.09655626956665003
0.3257373537650359
0.4075918602735211
0.0
0.002142033283901797
0.10950458614818454
0.0226149283242709
0.03799637502059646
0.016312407315867528
0.3591819080573403
0.16939775910364147
0.09436617784368642
0.18741555445707714
0.10791179216784745
0.0
0.30452298566485525
0.1074394463667819
0.48269072334816243
0.45558576371725157
0.06665705497885428
0.01697586342915063
0.02837370242214534
0.2862168396770477
0.19901411545010175
0.1311418685121108
0.3989289833580493
0.028521997034107727
0.15175756577140678
0.004943153732081069
0.3232932388641731
0.011917119789092103
0.4664195089800625
0.061080902949415074
0.1723142198055692
0.03800461361014994
0.2260668973471744
0.48746086669961997
0.09929560059317821
0.14824243422859357
0.39737463612896157
0.017843411874553745
0.13593672763222933
0.025148294611962448
0.4047619047619055
0.0
0.23361344537815168
0.1460248805404515
0.00043252595155709344
0.006023782061844347
0.04411490086230567
0.028019443071346156
0.5419014664689399
0.3981641676278363
0.010771955841159992
0.017420497610809035
0.12013923216345347
0.509161311583456
0.33904267589388676
0.2016463448124346
0.14930795847750866
0.43511424177514096
0.01791893227879388
0.5912423793046632
0.36880046136101546
0.40948261657604246
0.04163920470148843
0.0
0.01342340857911792
0.0
0.048344043499752826
0.0014829461196243204
0.0004943153732081069
0.2870077442741806
0.3279672653375079
0.0
0.012470478387433405
0.07761175771556382
0.047392486406327206
0.34363980886472245
0.2959438677431763
0.48780276816608925
0.026297577854671288
0.33520761245674746
0.0067885977920579986
0.42220299884659773
0.03150436645246335
0.07632229362333169
0.026693030153237783
0.030392156862745098
0.006459054209919259
0.0034602076124567466
0.004613610149942332
0.027420772230460834
0.26810604812334937
0.11387790410281752
0.4793211402207934
0.1752842313395951
0.12863334282019406
0.04219805569286539
0.26764705882352946
0.3692041522491335
0.16926182237600956
0.5710125226561209
0.4698302850551986
0.032451804251112236
0.3462432031636185
0.4583704069863243
0.4201680672268909
0.5141140770033503
0.25279700115340403
0.6131652661064422
0.00858461031471412
0.46012522656121263
0.3345306750151044
0.3847458769604097
0.3110891415389687
0.0
0.45380210907892626
0.06671197890921068
0.34595485252924696
0.12744274180260337
0.0645905420991926
0.540121931125391
0.14152798374251707
0.0
0.5670950733234466
0.1058823529411764
0.020328719723183394
0.46554896468391294
0.018512110726643608
0.5839594661393959
0.05328719723183383
0.4561130334486735
0.11801779535343568
0.0
0.06552150271873451
0.18171856978085324
0.005536332179930795
0.0019978579667160982
0.3635195254572415
0.3552479815455585
0.3420662382600098
0.2065249629263471
0.426861921239084
0.3432525951557085
0.09792387543252588
0.005622837370242213
0.4804374691052895
0.34769319492502904
0.02286208601087495
0.26643598615916997
0.3087081891580164
0.0
0.1404926676552974
0.05727467457571262
0.2192041522491351
0.08992420497610805
0.07196407974954684
0.4922570989179986
0.22433679354094557
0.7492173339924223
0.3576083374526286
0.34481380787609206
0.13570604712473217
0.0
0.6148788927335638
0.018701598286373373
0.022871697698687327
0.48612209589718214
0.29662767067611384
0.45411105618718245
0.04219805569286539
0.10435272148074912
0.04283242708848246
0.010380622837370242
0.5319629812709404
0.2503707365299064
0.2593988575822484
0.10475778546712804
0.025045312242544086
0.0006920415224913494
0.430644806942385
0.05383094414236287
0.3131391772395236
0.2776239907727798
0.07437798648871312
0.33762151919591377
0.0
0.34453781512605014
0.008938869665513263
0.0
0.4828294062723123
0.4579214038556603
0.2456005931784479
0.2082550667325754
0.13735925742846178
0.4725545120008781
0.7008018893832053
0.19752018454440623
0.09569945625308963
0.16763882023397603
0.0
0.19942329873125722
0.00043252595155709344
0.29388696655132684
0.03612072279892344
0.0025951557093425604
0.004016312407315868
0.0
0.3517740429505139
0.6088811995386385
0.026314055033778237
0.0030318009556763877
0.0006920415224913494
0.0
0.023534904157741537
0.5246663371230849
0.0
0.41078431372549107
0.383391003460209
0.3521035865326533
0.23567309276651865
0.3739907727797007
0.4937881034766859
0.4117647058823546
0.21424452133794722
0.058246828143021886
0.38544653155379854
0.004901960784313726
0.0
0.013470093919920906
0.0706253089471082
0.02372713791398914
0.3979568297907399
0.39648212226067
0.3524798154555945
0.4080738177624
0.03670291646070193
0.0
0.004844290657439445
0.3683020266930301
0.005235623661229197
0.02398116109188774
0.4963667820069197
0.5553701872906016
0.3569780853517873
0.0
0.0031141868512110722
0.508131487889274
0.5169508980062606
0.0011534025374855823
0.4259227220299883
0.40703575547866294
0.057497116493656276
0.010291371450541
0.352364475201845
0.007270555280935901
0.3742379304663039
0.27941176470588325
0.014005602240896357
0.392947767342231
0.09102817597627286
0.32213983632668786
0.3141099577085743
0.02537485582468281
0.061513428900972125
0.004943153732081069
0.028835063437139558
0.19584775086505188
0.5760668973471719
0.0019772614928324278
0.23798813643104313
0.041275333662876904
0.020052726973142202
0.019371919890951043
0.002306805074971165
0.06672845608831766
0.4739907727797001
0.2898747734387879
0.5294117647058828
0.005971604328005712
0.13341022683583267
0.11503267973856207
0.018907563025210086
0.0018536826495304008
0.5401960784313726
0.22116493656286018
0.48442906574394434
0.14304251112209598
0.05313890261987143
0.716262975778547
0.012605042016806716
0.31858625803262536
0.20836628769154714
0.24682814302191483
0.38281430219146506
0.005959246443675511
0.3287197231833916
0.1096885813148788
0.0081122645136486
0.3017136266271223
0.013667820069204153
0.24682814302191483
0.014994232987312565
0.008601087493821057
0.24331026528258382
0.24682814302191483
0.0
0.052578678530235554
0.03672763222936231
0.05588235294117642
0.0
0.004209919261822376
0.009070687098368758
0.0028011204481792713
0.0
0.005173834239578182
0.0005767012687427911
0.0
0.2800049431537321
0.0
0.3732987312572083
0.00043252595155709344
0.0025951557093425604
0.26608996539792473
0.0198961937716263
0.6291646070192785
0.22393310265282595
0.0006920415224913494
0.1667957379030043
0.16742461690558583
0.0251688910858461
0.01936892404020432
0.4664936562860455
0.4622260668973473
0.04401466468940514
0.17520184544406012
0.21188004613610226
0.14906903938045818
0.005478662053056517
0.03410776075135936
0.5915307299390341
0.0
0.15956500247157693
0.18855659911023243
0.025247157686604068
0.008266051518646672
0.2817652551216571
0.6308947108255067
0.18049101993738723
0.06920415224913493
0.0033029254482541686
0.02761163288844952
0.004209919261822375
0.6397264788268259
0.004564178612621519
0.004291556194670382
0.0
0.017301038062283735
0.1977920579996706
0.10666913824353257
0.0
0.1388614269237108
0.19665513264129203
0.12301999231065
0.2584775086505192
0.01758938869665513
0.07525951557093427
0.26464821222606716
0.2374855824682817
0.7002595155709316
0.5055926292085473
0.20138408304498248
0.34785384742132114
0.191522491349481
0.19319492502883492
0.016889483065953653
0.004901960784313725
0.0
0.37767342231010204
0.31574394463667893
0.5318256714450481
0.0
0.0
0.03783160322952708
0.0
0.009803921568627446
0.014403800735980668
0.0
0.0011534025374855823
0.005074971164936562
0.0014211566979733072
0.0
0.19348327566320647
0.0
0.0013840830449826987
0.14752018454440602
0.08324408194650405
0.08324408194650405
0.035262661214218276
0.2725380348217722
0.006920415224913495
0.003114186851211072
0.10163810622288119
0.0232078571178917
0.00464244521337947
0.0014775785537031213
0.17738095238095267
0.013119953863898502
0.00997555885099138
0.0009436929852154769
0.5742214532871968
0.5566897347174158
0.025951557093425615
0.06823686693928903
0.0
0.0
0.024522161805898834
0.031010051079255245
0.04345169440325148
0.010133465150766184
0.004634206623826001
0.06283572252430385
0.045386389850057635
0.0013840830449826987
0.3314714120942495
0.006805074971164935
0.0019772614928324278
0.007958477508650518
0.0025951557093425604
0.1520514087988137
0.02802768166089966
0.004768875876142314
0.0
0.05329431237735746
0.014829461196243206
0.00472071181413742
0.0
0.0012687427912341405
0.034305486900642605
0.0013526266121421829
0.02644587246663372
0.011505315138533131
0.46283572252430427
0.07202586917119785
0.032509474377986486
0.06769873724891025
0.014359861591695503
0.7122260668973478
0.004284066567803592
0.14687757455923556
0.010446531553797985
0.0017301038062283733
0.38062283737024205
0.009935739001482945
0.4881789970890315
0.0
0.00444883835887296
0.16653484923381087
0.2993573900148294
0.0017301038062283738
0.049810512440270176
0.16424452133794698
0.36227549843466805
0.48305047509199756
0.0
0.6010380622837355
0.1911764705882355
0.12768166089965383
0.0025457241720217502
0.14812984017136285
0.00451612017355962
0.0023068050749711646
0.03386060306475531
0.025148294611962437
0.18285549513923258
0.006426099851705387
0.0
0.5465137035206241
0.0
0.006870983687592684
0.008073817762399073
0.1558535178777395
0.009886307464162135
0.010710166419508976
0.0
0.06892404020431701
0.0005767012687427911
0.4095293019168454
0.007381776239907726
0.30175207337837184
0.17230186192123928
0.36681496127862945
0.0
0.029395287526775428
0.017416378316032297
0.032679738562091484
0.39108472265911753
0.36760586587576255
0.01384083044982698
0.30640138408304574
0.5107390014829456
0.0
0.056747404844290576
0.004671280276816608
0.003103202065139782
0.007217004448838358
0.0797454275827977
0.009474377986488711
0.23508815290822205
0.011879297173414823
0.015233651392820945
0.008965083359547026
0.06526610644257698
0.004844290657439445
0.004152249134948096
0.39125061789421683
0.001038062283737024
0.05732410611303339
0.2503254242873619
0.03321799307958477
0.008403361344537815
0.475432525951557
0.03690888119953864
0.2185121107266443
0.019003679903333886
0.0056708958093041155
0.01014994232987312
0.0
0.0
0.20080738177624008
0.014936562860438296
0.0640550337782171
0.0
0.016576042181578512
0.5051244027022583
0.0004943153732081069
0.0009886307464162139
0.009639149777558077
0.029238754325259513
0.03309666112434277
0.32479815455594085
0.09146482122260655
0.003690888119953863
0.026841324765200212
0.058283901796012505
0.0
0.02769077327900857
0.0
0.0
0.013692535837864554
0.0030757400999615546
0.0416091213669068
0.06297577854671275
0.017993079584775088
0.00799829735815895
0.033300378975119456
0.2021914648212228
0.0
0.04976108090294936
0.09058329214038557
0.02063766683143847
0.04747487230186187
0.306805074971165
0.0684832756632064
0.03877304932668252
0.011067171966825946
0.022120612951062785
0.009227220299884658
0.09319592364575054
0.048442906574394415
0.018866370077442747
0.004160487724501565
0.044664140165870246
0.040393804580655765
0.2118470917778876
0.13408029878618116
0.02029576536496952
0.1046063701773043
0.009515570934256055
0.004152249134948096
0.0019772614928324278
0.21159169550173032
0.0039545229856648555
0.2813890261987152
0.015211182512220575
0.004325259515570935
0.03155379798978415
0.0
0.21551326412918154
0.3539215686274514
0.00990003844675125
0.08316032295271045
0.0030894710825506676
0.23241061130334517
0.0
0.0
0.028632344203278415
0.0029658922392486417
0.05361399461745479
0.005808205635195254
0.0
0.07481325863678796
0.0328719723183391
0.20922722029988447
0.04626517273576093
0.07370242214532868
0.00576701268742791
0.3028258362168401
0.4252018454440598
0.39919261822376156
0.4101581809194258
0.5378769154720713
0.026610644257703108
0.11585928489042664
0.1734552644587246
0.1337840840435997
0.5662053056516727
0.6248146317350464
0.18338276487065408
0.16570275168891088
0.042612981021285475
0.3919261822376015
0.4117647058823546
0.0
0.20129757785467153
0.014520514087988136
0.5854904706980837
0.26866864392815976
0.06343713956170702
0.18322623166913793
0.025827978250123597
0.23490690393804609
0.01868512110726644
0.12176635360026365
0.03898500576701266
0.3843137254901978
0.02673422310100512
0.09787444389520515
0.29728950403690907
0.13554539462843937
0.011286867688251769
0.3331191300049434
0.3877739331026542
0.012588564837699781
0.03168973471741639
0.5044213763936947
0.0
0.3512605042016811
0.19619377162629764
0.0007689350249903887
0.1469434832756636
0.0
0.23252595155709369
0.07668479156368424
0.3296232218377551
0.0
0.013071895424836607
0.10143076838578567
0.0
0.3086381611468122
0.12640467951886633
0.14853353105948253
0.2093219640797497
0.6183679354094577
0.5704728950403676
0.047075300708518654
0.1542675893886967
0.02651590047783821
0.21373784808040877
0.3295847750865054
0.5466784753116941
0.00313066403031801
0.007989060151689913
0.06308013401439005
0.0
0.5245674740484437
0.514994232987313
0.0015570934256055361
0.2450980392156868
0.3909279398033725
0.3406862745098043
0.36177019827538875
0.044348327566320615
0.005074971164936562
0.07358708189158009
0.40784313725490356
0.46051244027022614
0.009301367605865873
0.03967704728950404
0.38823529411764884
0.0046520569011918485
0.04990388312187609
0.04869006426099852
0.4771749876421155
