0.4285714285714286
0.5
0.8
0.33333333333333337
0.6666666666666667
1.0
1.0
0.25
0.5
1.0
0.7142857142857143
0.19999999999999996
0.0
0.7142857142857143
1.0
0.33333333333333337
1.0
0.5
0.0
0.1428571428571429
1.0
0.1428571428571429
0.16666666666666663
0.75
1.0
0.1428571428571429
1.0
0.4285714285714286
0.8
0.5
1.0
0.5
0.1428571428571429
0.0
1.0
0.0
0.7777777777777778
0.5714285714285714
0.11111111111111116
1.0
0.33333333333333337
0.0
0.8333333333333334
1.0
1.0
0.5714285714285714
1.0
1.0
0.125
0.375
1.0
1.0
0.33333333333333337
0.0
0.19999999999999996
0.2222222222222222
0.2857142857142857
1.0
0.6
0.4
0.625
0.4285714285714286
1.0
0.1428571428571429
0.25
0.125
0.125
1.0
0.125
0.1428571428571429
1.0
0.6
0.125
0.4
0.4285714285714286
1.0
0.0
0.6666666666666667
0.33333333333333337
0.0
0.1428571428571429
0.8571428571428572
0.33333333333333337
0.25
0.16666666666666663
0.5714285714285714
0.75
0.6
0.0
0.1428571428571429
0.33333333333333337
0.25
0.19999999999999996
0.1428571428571429
0.6666666666666667
0.4444444444444444
0.33333333333333337
0.6666666666666667
0.33333333333333337
0.0
0.7142857142857143
0.6
0.6
1.0
0.5
0.18181818181818177
0.0
1.0
0.75
1.0
0.6666666666666667
0.19999999999999996
0.4444444444444444
0.1428571428571429
0.6
0.2857142857142857
1.0
0.4
0.8333333333333334
0.25
0.8
0.7142857142857143
0.2222222222222222
0.25
0.8333333333333334
0.125
0.16666666666666663
0.16666666666666663
1.0
0.0
0.6
0.8571428571428572
0.0
0.11111111111111116
0.19999999999999996
0.1428571428571429
0.875
1.0
0.25
0.19999999999999996
0.2857142857142857
1.0
0.6666666666666667
0.4545454545454546
0.5714285714285714
1.0
0.16666666666666663
1.0
0.6666666666666667
0.8333333333333334
0.4444444444444444
0.0
0.16666666666666663
0.0
0.25
0.0
0.1428571428571429
0.5714285714285714
0.6666666666666667
0.0
0.4444444444444444
0.2222222222222222
0.25
0.75
0.875
1.0
0.4
0.7142857142857143
0.19999999999999996
1.0
0.16666666666666663
0.19999999999999996
0.16666666666666663
0.4
0.19999999999999996
0.09999999999999998
0.0
0.25
0.6666666666666667
1.0
0.5714285714285714
0.2857142857142857
0.4
0.4
1.0
0.4444444444444444
0.5
0.6666666666666667
1.0
0.33333333333333337
1.0
0.6
0.7142857142857143
0.8888888888888888
1.0
1.0
0.0
1.0
0.75
0.7777777777777778
0.33333333333333337
0.0
0.7142857142857143
0.4285714285714286
0.5714285714285714
0.375
0.25
0.6666666666666667
0.4
0.0
1.0
0.2222222222222222
0.2857142857142857
1.0
0.25
0.8571428571428572
0.5
1.0
0.375
0.0
0.19999999999999996
0.4285714285714286
0.19999999999999996
0.125
0.5
0.75
0.5714285714285714
0.5
0.625
0.4
0.2222222222222222
0.16666666666666663
0.6666666666666667
1.0
0.375
0.33333333333333337
0.4
0.0
0.125
0.4285714285714286
0.8333333333333334
0.75
0.2857142857142857
0.8
0.75
1.0
0.7142857142857143
1.0
0.375
0.0
1.0
0.33333333333333337
0.19999999999999996
0.7142857142857143
0.5
1.0
0.4
0.33333333333333337
1.0
0.25
0.6666666666666667
0.8
0.2857142857142857
0.4285714285714286
0.16666666666666663
0.0
1.0
0.33333333333333337
0.5555555555555556
1.0
0.5
1.0
0.0
0.8333333333333334
0.19999999999999996
0.0
1.0
0.7142857142857143
0.6666666666666667
0.5
0.2222222222222222
0.6666666666666667
1.0
0.6
0.5714285714285714
0.25
0.0
0.25
0.125
1.0
0.125
0.125
0.1428571428571429
0.0
0.5
1.0
0.1428571428571429
0.19999999999999996
0.0
0.0
0.2222222222222222
1.0
0.0
0.6
0.6
1.0
0.33333333333333337
0.6
1.0
0.5
1.0
0.25
0.5714285714285714
0.125
0.0
0.16666666666666663
0.375
0.16666666666666663
0.8571428571428572
0.5
1.0
0.6
0.25
0.0
0.19999999999999996
0.8333333333333334
0.1428571428571429
0.25
1.0
0.8333333333333334
0.6
0.0
0.25
0.75
0.8571428571428572
0.16666666666666663
0.8333333333333334
0.5
0.25
0.25
1.0
0.0
0.5
0.5
0.16666666666666663
0.6
0.25
0.7142857142857143
0.5
0.25
0.33333333333333337
0.0
0.33333333333333337
0.75
0.75
0.0
0.6
0.33333333333333337
0.0
0.09090909090909094
0.33333333333333337
0.19999999999999996
1.0
0.6
1.0
0.1428571428571429
0.30000000000000004
0.25
0.16666666666666663
0.0
1.0
0.4285714285714286
1.0
0.16666666666666663
0.16666666666666663
1.0
0.16666666666666663
0.6666666666666667
0.4285714285714286
0.7142857142857143
1.0
0.1428571428571429
1.0
0.19999999999999996
0.11111111111111116
0.4
0.25
0.7142857142857143
0.16666666666666663
0.16666666666666663
0.8333333333333334
0.7142857142857143
0.0
0.19999999999999996
0.33333333333333337
0.19999999999999996
0.0
0.0
0.19999999999999996
0.16666666666666663
0.0
0.19999999999999996
0.0
0.0
1.0
0.0
1.0
0.125
0.25
0.75
0.25
1.0
1.0
0.0
1.0
0.6
0.125
0.25
1.0
0.6666666666666667
0.30000000000000004
1.0
0.25
0.8
0.33333333333333337
0.2857142857142857
1.0
0.0
1.0
0.4285714285714286
0.16666666666666663
0.0
0.5714285714285714
1.0
0.19999999999999996
0.25
0.25
0.16666666666666663
0.19999999999999996
1.0
0.19999999999999996
0.1428571428571429
0.0
0.16666666666666663
0.5714285714285714
0.30000000000000004
0.0
0.6666666666666667
0.5
0.1428571428571429
0.6
0.33333333333333337
1.0
0.5
0.6666666666666667
1.0
0.7142857142857143
0.19999999999999996
0.625
1.0
0.5
0.125
0.0
0.0
0.6
0.5
1.0
0.0
0.0
0.19999999999999996
0.0
0.16666666666666663
0.33333333333333337
0.0
0.16666666666666663
0.19999999999999996
0.0
0.0
0.5
0.0
0.09999999999999998
1.0
0.375
0.375
0.11111111111111116
0.4285714285714286
0.0
0.09999999999999998
0.33333333333333337
0.125
0.125
0.125
0.375
0.125
0.1428571428571429
0.09090909090909094
1.0
1.0
0.19999999999999996
0.2727272727272727
0.0
0.0
0.25
0.16666666666666663
0.2857142857142857
0.16666666666666663
0.1428571428571429
0.33333333333333337
0.25
0.0
0.6666666666666667
0.4
0.0
0.0
0.125
0.6666666666666667
0.25
0.0
0.0
0.18181818181818177
0.125
0.0
0.0
0.0
0.2857142857142857
0.09999999999999998
0.16666666666666663
0.0
0.8333333333333334
0.25
0.16666666666666663
0.25
0.19999999999999996
1.0
0.16666666666666663
0.19999999999999996
0.0
0.16666666666666663
0.6666666666666667
0.19999999999999996
0.8571428571428572
0.0
0.0
0.16666666666666663
0.5
0.25
0.2857142857142857
0.4285714285714286
0.5714285714285714
0.75
0.0
1.0
0.5
0.2857142857142857
0.19999999999999996
0.6666666666666667
0.0
0.0
0.16666666666666663
0.2857142857142857
0.5
0.1428571428571429
0.0
1.0
0.0
0.1428571428571429
0.16666666666666663
0.5
0.1428571428571429
0.0
0.0
0.5
0.0
0.7777777777777778
0.16666666666666663
0.4
0.5714285714285714
1.0
0.0
0.19999999999999996
0.16666666666666663
0.2222222222222222
0.6666666666666667
0.8571428571428572
0.16666666666666663
1.0
0.875
0.0
0.19999999999999996
0.0
0.1428571428571429
0.19999999999999996
0.4
0.2857142857142857
1.0
0.1428571428571429
0.18181818181818177
0.1428571428571429
0.16666666666666663
0.19999999999999996
0.0
0.8571428571428572
0.0
0.5
0.4
0.19999999999999996
0.1428571428571429
1.0
0.25
0.4285714285714286
0.1428571428571429
0.125
0.19999999999999996
0.0
0.0
0.5
0.0
0.19999999999999996
0.0
0.19999999999999996
1.0
0.0
0.1428571428571429
0.16666666666666663
0.0
0.2857142857142857
0.5
0.5
0.16666666666666663
0.19999999999999996
0.375
0.0
0.25
0.0
0.0
0.0
0.11111111111111116
0.25
0.2857142857142857
0.16666666666666663
0.1428571428571429
0.19999999999999996
0.75
0.0
0.19999999999999996
1.0
0.1428571428571429
0.2857142857142857
1.0
0.375
0.1428571428571429
0.125
0.16666666666666663
0.0
0.25
0.25
0.16666666666666663
0.16666666666666663
0.16666666666666663
0.25
0.5
0.1428571428571429
0.16666666666666663
0.33333333333333337
0.1428571428571429
0.19999999999999996
0.0
1.0
0.1428571428571429
0.4
0.19999999999999996
0.25
0.2857142857142857
0.0
0.25
1.0
0.16666666666666663
0.6
0.0
1.0
0.0
0.0
0.09999999999999998
0.1428571428571429
0.25
0.1428571428571429
0.0
0.33333333333333337
0.0
0.6666666666666667
0.25
1.0
0.16666666666666663
0.5714285714285714
0.8
1.0
0.6363636363636364
0.7142857142857143
0.16666666666666663
1.0
0.2857142857142857
0.5
0.6666666666666667
1.0
1.0
0.33333333333333337
0.19999999999999996
0.4285714285714286
0.5
0.0
0.4285714285714286
0.16666666666666663
1.0
1.0
0.8
0.33333333333333337
0.1428571428571429
0.6
0.33333333333333337
0.16666666666666663
0.16666666666666663
0.4
0.1428571428571429
0.33333333333333337
1.0
0.25
0.16666666666666663
0.8571428571428572
0.4
0.19999999999999996
0.16666666666666663
0.8
0.0
0.4
0.5
0.0
0.6666666666666667
0.0
0.6
0.25
1.0
0.0
0.11111111111111116
0.375
0.0
0.5714285714285714
0.4285714285714286
0.75
0.5714285714285714
1.0
0.8
0.19999999999999996
0.75
0.25
0.6
1.0
1.0
0.16666666666666663
0.11111111111111116
0.16666666666666663
0.0
0.6666666666666667
0.6666666666666667
0.19999999999999996
0.4
0.625
0.5
0.4285714285714286
0.19999999999999996
0.16666666666666663
0.5
0.5
1.0
0.2857142857142857
0.33333333333333337
0.4
0.2222222222222222
0.19999999999999996
0.2857142857142857
0.6
