0.0
0.24030470914127444
0.3410225124214046
0.0036011080332409963
0.18384118190212384
0.3723453370267788
0.551708217913205
0.0
0.37234533702677924
0.6157597942223968
0.20452446906740562
0.08979686057248382
0.0
0.20518401266323738
0.7206173328057004
0.030982060414193352
0.45014509959108423
0.032502308402585396
0.0
0.07888141406146951
0.5723123598469864
0.0
0.0
0.3917820867959371
0.6532779316712816
0.0
0.5507848568790393
0.44669568658488323
0.26036142989051664
0.07212768764015302
0.412742382271468
0.13220551378446124
0.02400738688827333
0.17405355493998176
0.6587851206964798
0.0016620498614958446
0.3892681264564924
0.2759915138724008
0.0028470298553401057
0.3222991689750702
0.19325946445060038
0.0061865189289012
0.4548212636855308
0.6587851206964798
0.6156509695290852
0.04821263685529609
0.41045046827595355
0.6620234797520133
0.15028800070351359
0.01896187838016093
0.6328254847645408
0.6188497559688694
0.04556786703601102
0.0
0.10412214747394812
0.4267774699907666
0.11034164358264115
0.5013850415512474
0.37237831420656964
0.4241228070175429
0.4821077814152608
0.2869234489733111
0.6772391505078472
0.011680517082179133
0.14930418150639743
0.047404695950402316
0.003561535417491097
0.47340060678010853
0.004155124653739611
0.0
0.6930484104999332
0.4030470914127435
0.0
0.5471837488457993
0.24678802268830002
0.5103152618388072
0.0019786307874950543
0.13767313019390584
0.1589796860572487
0.0
0.0
0.2830893022028761
0.09600206656993363
0.006194213604185906
0.0023084025854108957
0.31653475794750074
0.4055863342566946
0.4503693444136656
0.02138570109484239
0.7043925603482406
0.0
0.006331618519984168
0.22325880490700428
0.03878116343490301
0.6127555731433832
0.2696818801389441
0.1037396121883655
0.2956063404124341
0.07114276920371097
0.0
0.4739150507848571
0.009827199577892095
0.4917787890779584
0.6157597942223962
0.25901815943367257
0.06665347579475009
0.2429824561403519
0.31472760849492215
0.21804511278195507
0.30443213296398947
0.46592797783933737
0.01886294684078619
0.04079277140218968
0.0
0.3354220879151621
0.09132040627885506
0.6587851206964798
0.08476454293628818
0.564912280701754
0.18467220683287197
0.13397968605724841
0.19066745811898203
0.39482917820867974
0.2796201028888008
0.6075935452666759
0.04155124653739607
0.10318889328584624
0.0008574066745811899
0.46066481994459846
0.16542672470650235
0.24473684210526345
0.046405487402717285
0.0
0.01784065426724705
0.03236160576880797
0.020577760189948568
0.43547025458382754
0.5874389922173866
0.006985665919183925
0.1939058171745151
0.2676153102053381
0.5373037857802405
0.2663686728783685
0.16017016224772526
0.213588796552786
0.26893989359363357
0.0
0.6489645165545436
0.048107109879963056
0.41716132436354086
0.1475629864134015
0.008428967154728925
0.03033900540825747
0.0
0.0
0.01203667062392824
0.018038517345996576
0.3791056588840525
0.4807710064635277
0.0
0.0217649386624456
0.09946676899585495
0.0
0.5660368025326473
0.33612540122235435
0.5336828914391245
0.0
0.5201490568526582
0.003324099722991689
0.5261509035747256
0.010953919887437893
0.18369608231104056
0.003878116343490304
0.015631183221210924
0.00956338213955942
0.0
0.0
0.010618651892890116
0.1794398276392739
0.5004616805170826
0.470112781954886
0.1391395154553056
0.0802005012531327
0.19047619047619066
0.30877192982456186
0.37707756232686857
0.3725761772853187
0.38859429274941776
0.5858330035615334
0.04244163039176884
0.3524469067405361
0.5522556390977433
0.18341247856483317
0.4886503539550651
0.07770083102493067
0.6546629732225292
0.0
0.29788616277535973
0.3086004484896455
0.4230510486743175
0.3168711251813744
0.0
0.13604185903354932
0.0063711911357340716
0.22094710460361508
0.012841313810842895
0.188965835641736
0.6752539242843946
0.14040144220199677
0.0
0.6419205909510605
0.005193905817174515
0.0
0.7653739612188399
0.015466297322253002
0.6617860440575118
0.37617728531856054
0.4557973882073598
0.17839335180055407
0.020313942751615903
0.019252077562326872
0.23482390185991345
0.0
0.009418282548476448
0.18790397045244736
0.3244690674053554
0.25162137800641937
0.2621784724970324
0.27646968297937835
0.2631578947368425
0.0
0.21094182825484778
0.5207690278327395
0.03324099722991689
0.0
0.1587257617728532
0.39196675900277017
0.0
0.41418788198566636
0.011001187178472495
0.30623268698061046
0.4967682363804248
0.1805566547948821
0.40276678538451416
0.0
0.6091412742382271
0.26652156707558433
0.0013850415512465374
0.3706733940113446
0.01569713758079409
0.6374884579870725
0.007624323967814273
0.02217715340984041
0.6155124653739582
0.1666666666666668
0.4818559556786696
0.19047619047619066
0.13500857406674605
0.25415512465373946
0.4069713758079409
0.4311172668513382
0.3361133095897641
0.36875082442949597
0.0755045508508113
0.03646616541353381
0.001846722068328716
0.7886272699292084
0.5087257617728533
0.3912687420305147
0.34464450600184715
0.24690674053555012
0.5538715209075308
0.0
0.0
0.0024073341247856485
0.0
0.6634349030470933
0.32230796288968144
0.22795145759134755
0.2142560348239023
0.12772721276876445
0.48851294903926584
0.7316317108560901
0.39143912412610354
0.4119509299564701
0.009695290858725761
0.0
0.04016620498614959
0.0
0.583742250362748
0.004748713889988128
0.0
0.0006925207756232687
0.0019786307874950543
0.44027063272215683
0.5109879963065557
0.08147012267510882
0.000461680517082179
0.0
0.01204986149584488
0.024155784197335464
0.43037857802400853
0.0030778701138811956
0.44884579870729485
0.3616343490304716
0.4241744712658837
0.191188497559689
0.212742382271469
0.4841181902123737
0.41301939058171816
0.4958448753462607
0.033240997229916885
0.09949215143120956
0.0
0.0
0.019138755980861233
0.0209075319878644
0.015395946005364293
0.15336367233874176
0.4868421052631587
0.3475025282504522
0.42751615881809824
0.006463527239150504
0.0
0.0029349690014509964
0.4586729982851864
0.0
0.17553093259464492
0.5104735523018074
0.8141406146946334
0.49302862419205945
0.011357340720221603
0.039935364727608495
0.258171745152355
0.46771534098403883
0.0
0.5357208811502431
0.09653739612188363
0.25974145891043404
0.0026546629732225302
0.34824561403508764
0.006463527239150504
0.36941586422195805
0.1666666666666669
0.006278855032317636
0.3386426592797784
0.3530470914127427
0.4541287429099063
0.5373961218836573
0.08656509695290854
0.4468605724838414
0.0
0.0060018467220683295
0.036011080332409975
0.34898430286242027
0.0
0.0
0.05019126764279115
0.16329639889196723
0.024661434287473062
0.0
0.019403772589368175
0.3610473552301809
0.3026777469990774
0.4036934441366578
0.0
0.16871015257441876
0.13245174339357216
0.0
0.005501692828562635
0.47488457987073024
0.018665083762036686
0.19944598337950142
0.07140218968473816
0.8202084157762837
0.6568790397045238
0.089196675900277
0.5087719298245617
0.4096403288924067
0.12351602690937875
0.478221870465637
0.0016620498614958446
0.02440970848173065
0.775821131776812
0.006155740227762388
0.44289012003693473
0.0743965176098139
0.12351602690937875
0.013471177944862158
0.006886734379809172
0.45387371938618504
0.12351602690937875
0.0
0.0023084025854108953
0.000461680517082179
0.0027700831024930744
0.0
0.0
0.010803324099722993
0.0
0.0
0.0
0.0
0.0
0.563804247460757
0.0022259596359319356
0.5445389790265134
0.06103416435826404
0.0
0.14347711383722445
0.0
0.5290858725761767
0.4365013410719791
0.007756232686980609
0.4362880886426598
0.215881809787627
0.07226948951325679
0.00886426592797784
0.5236842105263161
0.3527239150507849
0.009992085476850017
0.4840181594336715
0.20447830101569842
0.004287033372905947
0.0
0.0
0.7723255507189049
0.0
0.01134414984830497
0.06140350877192981
0.08138767972562977
0.010602163302994325
0.19185023963417341
0.5840258541089556
0.18956602031394304
0.21315789473684318
0.12489557226399363
0.3493866244558763
0.0
0.5774304181506399
0.0016620498614958446
0.32214747394802806
0.0
0.0
0.3533109088510762
0.26788022688299734
0.11146286769555472
0.19675504550850834
0.19761245218308968
0.0
0.007386888273314864
0.058402585410895616
0.05817174515235457
0.2820867959372107
0.24930747922437715
0.7801191575429783
0.48518775007694687
0.4759926131117246
0.21301939058171732
0.4862880886426595
0.038121619839071356
0.014400035175658448
0.08033240997229912
0.0
0.14912280701754446
0.24680121356021634
0.5050015389350574
0.0
0.0
0.0
0.0
0.016000527634876666
0.0
0.0
0.011640944466429234
0.0
0.0
0.0
0.35958316844743526
0.010073029463611181
0.0
0.4756232686980612
0.007202216066481993
0.007202216066481993
0.010684606252473286
0.20512465373961308
0.0
0.08587257617728516
0.09255045508508115
0.002339181286549708
0.055995251286110014
0.0
0.06728993536472756
0.0
0.0
0.0
0.4927054478301013
0.521698984302862
0.09584487534626034
0.06404168315525657
0.0037736886074836214
0.0
0.0
0.005111462867695554
0.0
0.0011080332409972296
0.0036274897770742654
0.04944598337950138
0.014081255771006464
0.008171745152354571
0.5800488062260915
0.0
0.0
0.008033240997229917
0.003324099722991689
0.009259992085476844
0.0009233610341643583
0.0
0.011495844875346264
0.0
0.0007914523149980216
0.0
0.0
0.0
0.1488227146814407
0.0027700831024930744
0.00593589236248516
0.0
0.506760321857274
0.000461680517082179
0.017728531855955687
0.0
0.0021764938662445586
0.7340720221606655
0.0
0.07710064635272375
0.01939058171745153
0.0
0.49755309325946456
0.026777469990766398
0.13019390581717433
0.0
0.0
0.05856747130985356
0.010552697533306945
0.0
0.0
0.041089566020313883
0.16758343226487266
0.5528690146418681
0.0
0.6806094182825498
0.02202216066481996
0.3107109879963071
0.0016620498614958446
0.4463131512992999
0.0019786307874950543
0.0
0.002770083102493076
0.17931671283471806
0.2675900277008311
0.0
0.0
0.5020280965571822
0.0023084025854108953
0.0
0.48074792243767306
0.12194961086927851
0.0017807677087455479
0.004432132963988918
0.0
0.23490304709141369
0.0
0.5176361957525392
0.041551246537396065
0.3445060018467226
0.0570637119113573
0.28562194961086984
0.0
0.04201292705447827
0.014430813876797254
0.00593589236248516
0.32617728531856144
0.40410895660203006
0.0
0.2879567339401135
0.4858857670492017
0.0037462076243239668
0.0
0.14732225300092336
0.002770083102493076
0.005540166204986149
0.07360506529481588
0.049861495844875314
0.37493074792243813
0.000923361034164358
0.0618487006991162
0.0
0.0
0.0
0.0
0.4506771314250539
0.0
0.02214747394802798
0.12675108824693318
0.0011080332409972296
0.0
0.45493998153277937
0.0
0.34032449544914956
0.013982324231631711
0.022938926263026
0.008771929824561398
0.0
0.006232686980609417
0.1503759398496243
0.0
0.014404432132963994
0.013223849096425268
0.026315789473684202
0.5743305632502304
0.04082574858198122
0.0
0.0
0.0071230708349821915
0.0
0.31588180978762725
0.3901728004221085
0.06365914786967415
0.0
0.011805830365387153
0.16848041155520369
0.005847953216374271
0.0110803324099723
0.0036604669568658494
0.02469990766389659
0.011201248735874776
0.021696124743216114
0.04773776546629727
0.06451985226223456
0.013355757815591614
0.0033240997229916896
0.04339796860572486
0.0
0.039058171745152304
0.3412280701754381
0.021099898869981964
0.008033240997229915
0.41574330563250267
0.03770940509167655
0.0
0.013372246405487408
0.015367365782878254
0.17105263157894737
0.07756232686980599
0.24307479224376743
0.002631578947368421
0.053274633953304326
0.0133007958492723
0.003957261574990108
0.4177285318559572
0.21274238227146838
0.0
0.06382733148661116
0.0
0.0
0.02322033153058085
0.05840258541089564
0.0013850415512465372
0.31232686980609375
0.009302862419205905
0.0045244690674053544
0.036142989051576285
0.024198654531064512
0.04219100382535284
0.4582640812557712
0.0017148133491623797
0.19439387943543082
0.008118981664688036
0.35960295475530996
0.0
0.0037099327265532256
0.014286913455888521
0.001939058171745152
0.03516466605109261
0.010895660203139423
0.0
0.10296244998461108
0.0005540166204986148
0.6088642659279773
0.007189025194565359
0.3716066481994467
0.0
0.3938233742250365
0.3708217913204055
0.4285780240073851
0.33049329863734367
0.6583564173591887
0.03564173591874423
0.45775623268698085
0.07499010684606246
0.2527975640856528
0.37673130193905646
0.4416193993756317
0.10889064767181114
0.13828210878072417
0.010355633901340276
0.435150375939849
0.4072022160664822
0.0
0.21660510926438922
0.005144440047487139
0.6426438904278223
0.32830101569713804
0.10537528030602811
0.1954491491887612
0.0
0.3775623268698072
0.40415512465374126
0.188965835641736
0.03988040276128913
0.43896583564173763
0.017082179132040635
0.005540166204986149
0.4466110451567518
0.11408455348898595
0.0
0.21706678978147145
0.3933518005540184
0.10625247328848422
0.005144440047487139
0.573434683199227
0.0
0.481071098799631
0.2551246537396134
0.00030778701138811957
0.17739963944950168
0.0003957261574990108
0.4000791452314995
0.06908169546673693
0.5115368165229678
0.0
0.005012531328320802
0.24177988831728495
0.0
0.39843028624191984
0.13427098447874108
0.010816514971639626
0.030009233610341596
0.6151497163962543
0.5120630523677611
0.060546102097348516
0.22169898430286292
0.042440231359898904
0.3899881282152747
0.1885503231763624
0.58044783010157
0.005724838411819019
0.015127731609726063
0.026346568174823032
0.00030778701138811957
0.5615881809787615
0.48522622345337024
0.0
0.32465373961218963
0.3883293760717588
0.37206832871652934
0.3953304313415115
0.004339796860572483
0.0
0.026180583036538713
0.4066020313942758
0.333575365846835
0.23737633557578194
0.0005540166204986148
0.42566943674977026
0.12228377962450004
0.0076638965835641734
0.12007540781779003
0.5335180055401637
