0.0
0.23333333333333353
0.35047619047619066
0.0014814814814814812
0.17481481481481478
0.3880000000000011
0.5948148148148155
0.0
0.35688888888888914
0.6311463844797183
0.22785185185185194
0.0840000000000001
0.0
0.22251322751322766
0.7312698412698417
0.02410934744268078
0.4624126984126986
0.039555555555555566
0.0
0.06857142857142849
0.5552275132275133
0.0
0.0
0.39674074074074056
0.6682222222222203
0.0
0.5962433862433859
0.42074074074074075
0.2836825396825395
0.07589417989417985
0.43481481481481454
0.07005291005290996
0.02613756613756615
0.18814814814814823
0.7026984126984126
0.002666666666666666
0.4138447971781307
0.3154056437389773
0.0040740740740740754
0.3435555555555557
0.1826455026455028
0.007407407407407405
0.473978835978836
0.7026984126984126
0.6455555555555544
0.033121693121693135
0.4150264550264549
0.6899047619047629
0.16773368606701936
0.023756613756613754
0.6333333333333323
0.6701375661375658
0.051391534391534356
0.0
0.11244444444444439
0.4571851851851854
0.09851851851851845
0.5025925925925928
0.4374603174603185
0.421746031746032
0.48243209876543186
0.29395061728395083
0.698444444444443
0.013555555555555555
0.12484126984126968
0.056058201058201064
0.003809523809523811
0.45587301587301593
0.0
0.0
0.7235132275132267
0.44217989417989456
0.0
0.5554814814814816
0.2642328042328044
0.5642063492063489
0.0025396825396825405
0.17341798941798942
0.15649735449735444
0.0
0.0
0.3035661375661378
0.10309523809523809
0.0
0.003703703703703704
0.3472222222222223
0.42192592592592626
0.41252380952380957
0.00992063492063492
0.7105820105820102
0.0
0.010158730158730154
0.2352645502645502
0.03857142857142859
0.6254179894179899
0.29759259259259263
0.11222222222222215
0.3043546576879908
0.042954144620811284
0.0
0.49947089947089945
0.015767195767195763
0.47634920634920624
0.631146384479718
0.245827160493827
0.0776719576719576
0.2491111111111115
0.3096296296296301
0.1928571428571431
0.2680000000000001
0.5010370370370374
0.030264550264550286
0.046375661375661396
0.0
0.34307295173961766
0.08088888888888879
0.7026984126984126
0.08800000000000008
0.6048888888888886
0.2071111111111112
0.14244444444444435
0.1956190476190479
0.4119259259259265
0.2673439153439155
0.6098677248677244
0.037460317460317485
0.12238095238095226
0.0013756613756613757
0.5013333333333332
0.1605925925925926
0.2433333333333337
0.05769312169312166
0.0
0.02412698412698411
0.045573192239858916
0.016507936507936506
0.48264550264550266
0.5906878306878305
0.004523809523809524
0.2092592592592592
0.28447089947089954
0.5474074074074066
0.28587878787878807
0.18135802469135817
0.23553086419753091
0.24798941798941812
0.0
0.6636190476190473
0.00911111111111111
0.45271957671957647
0.16986772486772458
0.011894179894179891
0.030158730158730173
0.0
0.0
0.015608465608465604
0.018052910052910046
0.4001058201058205
0.4793333333333335
0.0
0.012222222222222223
0.12701539201539186
0.0
0.5983333333333334
0.3310493827160493
0.5447830687830693
0.0
0.5809523809523802
0.005333333333333332
0.5099682539682541
0.014241622574955908
0.18936507936507904
0.006222222222222221
0.015449735449735442
0.0
0.0
0.0
0.014920634920634916
0.19018518518518504
0.48888888888888915
0.4752380952380957
0.13383597883597867
0.08746031746031736
0.18658730158730166
0.39385185185185234
0.3845802469135799
0.42962962962962986
0.3853315696649026
0.5873650793650799
0.04825396825396822
0.3789629629629631
0.541417989417989
0.1026878306878307
0.49296296296296255
0.08933333333333325
0.6524444444444427
0.0
0.2556772486772487
0.375846560846561
0.411913580246914
0.31602116402116454
0.0
0.1399506172839507
0.009333333333333332
0.23688888888888926
0.008486772486772483
0.19370370370370366
0.6777142857142859
0.1356631393298058
0.0
0.6531851851851845
0.008333333333333333
0.0
0.7997037037037041
0.020370370370370372
0.7397883597883591
0.36355555555555624
0.4741375661375661
0.2248888888888889
0.021798941798941804
0.020888888888888894
0.27244444444444454
0.0
0.0
0.23570370370370397
0.29866666666666725
0.2641358024691358
0.27865079365079354
0.3203527336860672
0.2533333333333334
0.0
0.18955555555555556
0.5175238095238096
0.014888888888888887
0.0
0.19688888888888884
0.41748148148148173
0.0
0.40417989417989447
0.014603174603174599
0.27896296296296313
0.5548148148148149
0.14794179894179885
0.3879629629629631
0.0
0.6235555555555549
0.23642328042328065
0.0022222222222222222
0.403730158730159
0.023703703703703703
0.6445925925925918
0.009343915343915342
0.02436507936507937
0.6011111111111086
0.16898412698412715
0.5826666666666666
0.18658730158730166
0.13597883597883587
0.34999999999999987
0.44925925925925875
0.46592592592592647
0.3076931216931217
0.3637037037037044
0.06474074074074065
0.04698412698412698
0.0014814814814814812
0.8571604938271596
0.511851851851852
0.39563492063492056
0.33822222222222265
0.2264444444444448
0.572761904761906
0.0
0.0
0.0027513227513227515
0.0
0.6894973544973552
0.31469135802469145
0.21191534391534406
0.22206349206349218
0.13144444444444428
0.5671516754850087
0.7838095238095246
0.39233686067019297
0.41071428571428614
0.0
0.0
0.03333333333333333
0.0
0.5755555555555546
0.00761904761904762
0.0
0.0011111111111111111
0.0
0.4491005291005292
0.5079999999999999
0.08150793650793649
0.0007407407407407406
0.0
0.01288888888888889
0.015925925925925923
0.41807407407407504
0.003950617283950619
0.48444444444444507
0.37066666666666537
0.4504409171075838
0.1878518518518521
0.20740740740740768
0.4630370370370377
0.4177777777777781
0.49481481481481465
0.025555555555555567
0.12466666666666647
0.0
0.0
0.025858585858585845
0.026084656084656085
0.02103527336860671
0.18603174603174602
0.47985185185185275
0.35485890652557456
0.412888888888889
0.008148148148148146
0.0
0.003721340388007056
0.4265291005291006
0.0
0.17649029982363326
0.49298412698412764
0.8161904761904775
0.5248888888888886
0.015111111111111108
0.04148148148148147
0.25400000000000017
0.47105820105820073
0.0
0.5156613756613746
0.08511111111111105
0.26851851851851866
0.003814814814814815
0.368888888888889
0.010370370370370365
0.3682539682539683
0.18444444444444455
0.004888888888888887
0.31666666666666665
0.41451851851851884
0.4562433862433865
0.5995555555555561
0.11888888888888884
0.5077037037037039
0.0
0.007407407407407408
0.0008888888888888887
0.4013333333333342
0.0
0.0
0.05094179894179888
0.15725925925925932
0.020432098765432102
0.0
0.019597883597883597
0.35622751322751295
0.31644444444444497
0.4351111111111114
0.0
0.16599999999999987
0.12958377425044068
0.0
0.0
0.47177777777777835
0.02328042328042329
0.29777777777777786
0.05476190476190477
0.8268783068783084
0.6703703703703701
0.1025925925925925
0.5428571428571434
0.414238095238095
0.09206349206349204
0.45356613756613784
0.0
0.020825396825396823
0.7791534391534398
0.007495590828924161
0.4448888888888886
0.07978835978835971
0.09206349206349204
0.018518518518518517
0.009779541446208113
0.4861887125220455
0.09206349206349204
0.0
0.0029629629629629624
0.0
0.0007407407407407406
0.0
0.0
0.012666666666666665
0.0
0.0
0.0
0.0
0.0
0.567777777777778
0.003571428571428572
0.5911216931216935
0.06888888888888879
0.0
0.13540740740740762
0.0
0.5762962962962958
0.4754620811287483
0.006222222222222221
0.4443703703703705
0.25155555555555587
0.086031746031746
0.010666666666666665
0.5497777777777781
0.3551851851851851
0.011904761904761904
0.49980423280423225
0.20222222222222266
0.004656084656084655
0.0
0.0
0.7693121693121698
0.0
0.017460317460317454
0.09629629629629627
0.11369312169312161
0.011428571428571425
0.20015873015873017
0.6008888888888879
0.20288888888888879
0.21333333333333376
0.12301587301587283
0.34785185185185163
0.0
0.5867724867724866
0.0017777777777777774
0.33544973544973566
0.0
0.0
0.3732063492063497
0.2575661375661374
0.10421164021164019
0.21341798941798942
0.1889947089947092
0.0
0.009947089947089946
0.018074074074074072
0.07777777777777778
0.2762962962962965
0.25222222222222246
0.7816490299823622
0.48231922398589067
0.5579894179894181
0.21392592592592574
0.49274074074074053
0.02660317460317461
0.01804232804232804
0.1004444444444444
0.0
0.1492063492063492
0.28349206349206346
0.5009523809523807
0.0
0.0
0.0
0.0
0.020634920634920628
0.0
0.0
0.007301587301587301
0.0
0.0
0.0
0.38708994708994765
0.012767676767676766
0.0
0.4822222222222226
0.0
0.0
0.013968253968253967
0.20237037037037067
0.0
0.1075555555555554
0.10354497354497347
0.0033086419753086426
0.03494708994708995
0.0
0.06391534391534391
0.0
0.0
0.0
0.49822222222222173
0.521703703703703
0.12755555555555542
0.08476190476190473
0.0060546737213403885
0.0
0.0
0.006375661375661375
0.0
0.0008888888888888887
0.005820105820105821
0.04111111111111111
0.0022222222222222222
0.012
0.5997671957671955
0.0
0.0
0.002666666666666666
0.004444444444444444
0.005968253968253967
0.0014814814814814816
0.0
0.008592592592592591
0.0
0.0012698412698412703
0.0
0.0
0.0
0.18077777777777787
0.002222222222222222
0.008888888888888889
0.0
0.49892063492063443
0.0
0.02666666666666668
0.0
0.0012698412698412703
0.7496296296296285
0.0
0.09608465608465591
0.01955555555555556
0.0
0.508888888888889
0.035343915343915386
0.13682539682539693
0.0
0.0
0.0657407407407407
0.008888888888888885
0.0
0.0
0.032444444444444456
0.1515343915343914
0.5345185185185181
0.0
0.7164444444444451
0.028222222222222235
0.35212698412698457
0.002666666666666666
0.45153439153439195
0.0019047619047619054
0.0
0.003809523809523811
0.17540740740740748
0.2874074074074071
0.0
0.0
0.5044973544973544
0.002222222222222222
0.0
0.4891111111111112
0.12603174603174586
0.0028571428571428567
0.00711111111111111
0.0
0.2733333333333343
0.0
0.49005291005291
0.021015873015873016
0.3517037037037043
0.06977777777777766
0.3658994708994714
0.0
0.05777777777777774
0.01974603174603174
0.008888888888888889
0.3227777777777784
0.43238095238095337
0.0
0.2825291005291007
0.5025925925925927
0.0045291005291005285
0.0
0.1244444444444444
0.0031746031746031755
0.008888888888888887
0.11238095238095225
0.06603174603174598
0.4305185185185188
0.0
0.08126984126984127
0.0
0.0
0.0
0.0
0.44396825396825396
0.0
0.024074074074074085
0.10211640211640215
0.0008888888888888887
0.0
0.4554074074074076
0.0
0.3569100529100537
0.02169312169312169
0.02734391534391535
0.012592592592592586
0.0
0.008888888888888887
0.18095238095238095
0.0
0.02133333333333334
0.018571428571428572
0.029629629629629634
0.6521481481481474
0.04677248677248674
0.0
0.0
0.00761904761904762
0.0
0.33659259259259267
0.38562962962963004
0.06730158730158722
0.0
0.0
0.17809523809523853
0.00740740740740741
0.00777777777777778
0.002380952380952381
0.02711111111111112
0.01567019400352734
0.022040182040182005
0.06266666666666659
0.06888888888888886
0.01888888888888889
0.0044444444444444444
0.03407407407407407
0.0
0.04874074074074071
0.35459259259259235
0.018395061728395067
0.010476190476190472
0.49222222222222134
0.04074074074074077
0.0
0.012945326278659613
0.014920634920634916
0.16666666666666666
0.0864814814814814
0.22592592592592634
0.0
0.06735449735449739
0.006913580246913583
0.005079365079365081
0.3982222222222227
0.21155555555555572
0.0
0.062469135802469086
0.0
0.0
0.020123456790123465
0.06222222222222224
0.0
0.33714285714285747
0.011814814814814811
0.007259259259259258
0.026560846560846577
0.030380952380952387
0.04548500881834215
0.49014814814814794
0.0006349206349206351
0.20548148148148135
0.009248677248677247
0.3730370370370374
0.0
0.004761904761904762
0.0
0.0031111111111111105
0.019135802469135807
0.013185185185185178
0.0
0.11449382716049392
0.0
0.6028571428571431
0.008994708994708995
0.3745185185185188
0.0
0.38038624338624377
0.388888888888889
0.4988888888888879
0.3471200897867566
0.6529100529100527
0.02681481481481482
0.47940740740740745
0.07555555555555551
0.26492063492063495
0.37777777777777677
0.4471075837742508
0.1284656084656085
0.1422927689594355
0.013405162738496075
0.4223015873015881
0.43333333333333357
0.0
0.20487654320987644
0.00761904761904762
0.6639270482603811
0.34162962962962984
0.12812698412698395
0.22116402116402073
0.0
0.41111111111111126
0.4160000000000009
0.18592592592592594
0.0418412698412698
0.4288888888888898
0.017333333333333336
0.005333333333333332
0.47843915343915333
0.1116578483245149
0.0
0.21518518518518523
0.4097777777777791
0.09436507936507929
0.005079365079365081
0.5767107583774257
0.0
0.4618518518518524
0.2613333333333339
0.0004938271604938274
0.17402821869488544
0.0006349206349206351
0.39428571428571474
0.0709876543209876
0.5770886644219986
0.0
0.006851851851851851
0.2519223985890649
0.0
0.4084391534391536
0.13773368606701922
0.0014814814814814812
0.03469135802469131
0.7039682539682541
0.5145714285714289
0.0723809523809523
0.25162962962962976
0.05209427609427606
0.40714285714285753
0.1720000000000001
0.5981393298059963
0.009185185185185182
0.013506172839506178
0.02298236331569665
0.0004938271604938274
0.5537777777777797
0.5666666666666678
0.0
0.3440000000000004
0.39576719576719643
0.3618677248677254
0.41500000000000076
0.006222222222222221
0.0
0.030920634920634942
0.41222222222222266
0.2752985409652076
0.2355449735449737
0.0008888888888888887
0.4188888888888896
0.12496119929453257
0.010518518518518517
0.12222222222222215
0.5533333333333319
