0.0
0.2352941176470592
0.3416131158345693
0.0011534025374855823
0.18731257208765853
0.38442906574394636
0.570645905420993
0.0
0.36430219146482234
0.6296822650628872
0.20011534025374875
0.0838523644752019
0.0
0.215892239248641
0.7366534849233822
0.027317789861042448
0.4576042181578515
0.03516230021420333
0.0
0.07068709836875922
0.5661064425770309
0.0
0.0
0.39042675893886924
0.6664359861591673
0.0
0.5850634371395613
0.4423298731257207
0.2717910693689245
0.0742296918767507
0.41868512110726563
0.10491843796342065
0.02998846597462516
0.18771626297577876
0.6747404844290668
0.002076124567474048
0.40746004284066584
0.3052740704124791
0.003556324490580547
0.32716262975778604
0.192766518372055
0.007151095732410609
0.45998517053880367
0.6747404844290668
0.6374855824682802
0.04770143351458226
0.4120118635689572
0.6765200197726164
0.15772093150985894
0.02109078925687922
0.6314302191464806
0.6493656286043826
0.04531636183885314
0.0
0.10923545888943803
0.4410611303344872
0.10634371395617073
0.503575547866206
0.43598615916955136
0.41939775910364185
0.4924312327426511
0.2896276157521842
0.6977508650519016
0.012283737024221452
0.1380993573900147
0.05303592025045312
0.004448838358872962
0.4657686604053386
0.0
0.0
0.7123743615093083
0.42578678530235603
0.0
0.5521337946943488
0.2677129675399573
0.5586299225572583
0.0024715768660405345
0.15243862250782653
0.16099439775910385
0.0
0.0
0.284198385236448
0.09810100510792552
0.006968473663975397
0.0028835063437139563
0.33678942165101355
0.42162629757785514
0.44374691052891774
0.016971494480145004
0.7057175811501076
0.0
0.007909045971329704
0.20532624814631728
0.0373620036249794
0.6219640797495458
0.2878082605591259
0.10784313725490201
0.2941421131732546
0.06214642719833027
0.0
0.4850469599604548
0.012275498434667981
0.49659746251441755
0.6296822650628872
0.24050365244136876
0.061459878068874575
0.2556516724336801
0.30974625144175383
0.22627286208601116
0.2649365628604386
0.4777393310265292
0.023562366122919773
0.04881364310430055
0.0
0.3406207402747189
0.08800461361014995
0.6747404844290668
0.07958477508650526
0.5786620530565166
0.2020761245674743
0.13840830449826988
0.1908881199538643
0.39158016147635555
0.2758774097874445
0.6189515021694952
0.03880375679683637
0.11276569451309926
0.001071016641950898
0.47889273356401335
0.16538144669632523
0.24411764705882386
0.052743450321304945
0.0
0.019772614928324255
0.03548085901027078
0.01927829955511617
0.46744109408469275
0.6008815290822215
0.007030263085626409
0.19982698961937712
0.28522683583237235
0.5462514417531718
0.2773749606794591
0.16516312407315908
0.22873894655901605
0.24902510023617314
0.0
0.6522491349480966
0.011072664359861593
0.4417696490360845
0.1658908661503812
0.009836875926841323
0.026940187839841836
0.0
0.0
0.015035425935079913
0.014631735046959958
0.39915966386554697
0.48373702422145315
0.0
0.02422145328719724
0.11099814257253703
0.0
0.5903979238754324
0.3343219640797496
0.5520184544406003
0.0
0.571613939693525
0.004152249134948096
0.5319657274674572
0.011087768440709618
0.17755808205635168
0.004844290657439445
0.01845444059976932
0.0074147305981216
0.0
0.0
0.012687427912341401
0.17853710111495594
0.498442906574395
0.46659663865546225
0.1319794584500469
0.08193277310924357
0.19298896028999854
0.3386966551326417
0.38031526336024507
0.4137831603229528
0.3922625913110341
0.5917284560883164
0.044076454111056144
0.3836793540945796
0.5425605536332178
0.14581479650683807
0.49101307189542504
0.08339100346020752
0.6493656286043813
0.0
0.29443895205140896
0.32573323447025887
0.411926731476905
0.31540616246498643
0.0
0.13960015378700535
0.007958477508650518
0.22519360685450696
0.007184050090624481
0.19111880046136112
0.6755478662053054
0.13378645575877426
0.0
0.6508650519031128
0.006487889273356401
0.0
0.799307958477511
0.017589388696655134
0.6910199373867189
0.3714532871972328
0.46950898006261255
0.20311418685121102
0.02240896358543419
0.016262975778546716
0.26028999835228267
0.0
0.010611303344867352
0.22191464821222648
0.3079584775086505
0.2679257977700882
0.2689899489207449
0.2963283352556711
0.2529411764705884
0.0
0.20207612456747415
0.5075959795682986
0.018339100346020765
0.0
0.17520184544405995
0.4046136101499425
0.0
0.41467567419124546
0.011369253583786453
0.2977508650519036
0.5452710495963091
0.1718075465480311
0.40374581205031035
0.0
0.6238754325259513
0.25467128027681696
0.0017301038062283738
0.398068050749712
0.01845444059976932
0.641868512110726
0.008658757620695337
0.022264788268248487
0.6060553633217963
0.17044817927170877
0.5212802768166085
0.19298896028999854
0.14376338770802444
0.2949826989619376
0.41551326412918066
0.45190311418685186
0.3466963255890592
0.3627450980392168
0.06875926841324763
0.039248640632723666
0.0023068050749711646
0.837466359092656
0.5084775086505191
0.3953081232492995
0.3561707035755483
0.2437716262975784
0.5733893557422965
0.0
0.0
0.002142033283901796
0.0
0.6760586587576224
0.322376009227221
0.21893227879387073
0.21988795518207296
0.12223869940132914
0.5395260064810246
0.7563849069039399
0.38966468940517235
0.41784066567803635
0.0
0.0
0.04411764705882353
0.0
0.5868676882517705
0.005931784478497282
0.0
0.0008650519031141869
0.0
0.4420470148843851
0.5197231833910034
0.07322046465645078
0.0005767012687427911
0.0
0.015051903114186856
0.022326577689899506
0.42249134948097045
0.0038446751249519434
0.481487889273357
0.3739331026528257
0.44445130993573906
0.18825177129675427
0.21124567474048495
0.48160322952710577
0.42514417531718623
0.49365628604382916
0.03114186851211074
0.10542099192618205
0.0
0.0
0.022648631645171422
0.022903278958642283
0.018366562311198993
0.1653484923381118
0.4885236447520194
0.3478607129126177
0.4238177623990776
0.008073817762399073
0.0
0.0032817048387982655
0.4522573735376503
0.0
0.16264623496457434
0.5119130004943153
0.8186686439281624
0.5221453287197233
0.01176470588235294
0.03575547866205305
0.23235294117647096
0.468899324435656
0.0
0.5375679683638147
0.07352941176470582
0.264244521337947
0.00331603229527105
0.3549019607843138
0.008073817762399073
0.3649626517273572
0.1745098039215688
0.00784313725490196
0.3295847750865052
0.4039792387543257
0.45110397100016497
0.5832756632064597
0.10380622837370236
0.4893886966551326
0.0
0.007497116493656287
0.014013840830449827
0.3687427912341417
0.0
0.0
0.05229856648541765
0.1585351787773935
0.026047673971549393
0.0
0.02028340748063933
0.3672186521667489
0.3181084198385246
0.4076124567474052
0.0
0.16857252705003584
0.13406931400010982
0.0
0.0
0.469031141868513
0.021255561047948606
0.24221453287197237
0.06100675564343384
0.8280606360191168
0.6575547866205306
0.0905228758169934
0.5307299390344373
0.4065620365793374
0.12302273850716748
0.47541604877245003
0.001038062283737024
0.017597627286208603
0.7783819410117013
0.005835667600373482
0.45063437139561713
0.0790080738177623
0.12302273850716748
0.01583868841654309
0.00860246059207997
0.48659718789476547
0.12302273850716748
0.0
0.0028835063437139554
0.0
0.0034602076124567466
0.0
0.0
0.011418685121107266
0.0
0.0
0.0
0.0
0.0
0.5799884659746248
0.0027805239742956013
0.5759103641456584
0.06839677047289497
0.0
0.1382764870654142
0.0
0.573414071510957
0.4815496786950082
0.009688581314878892
0.4663879277201079
0.23160322952710513
0.08100593178447847
0.009688581314878892
0.5441176470588238
0.3278546712802768
0.01091613115834569
0.5121436810018117
0.20409457900807476
0.005355083209754488
0.0
0.0
0.7661888284725679
0.0
0.014170374031965723
0.07670126874279122
0.0912835722524303
0.009474377986488711
0.1925495688471469
0.6027681660899644
0.20507497116493678
0.21470588235294194
0.12243230625583566
0.3450650848574721
0.0
0.588070522326578
0.002076124567474048
0.30120283407480675
0.0
0.0
0.36574394463667936
0.2627780523974297
0.11402207942000324
0.2050420168067225
0.1979238754325263
0.0
0.008732904926676551
0.03996539792387541
0.06747404844290658
0.27970011534025346
0.24826989619377202
0.7761849837974388
0.49444581754270334
0.5093096061954178
0.2155709342560549
0.5140907343329487
0.024172021749876434
0.015680782116768276
0.08685121107266433
0.0
0.14845938375350176
0.26276981380787606
0.5034945350689296
0.0
0.0
0.0
0.0
0.01998681825671445
0.0
0.0
0.006261328060636019
0.0
0.0
0.0
0.36488713132311873
0.011261402956904686
0.0
0.4841407151095738
0.007266435986159168
0.007266435986159168
0.01186356895699456
0.2031718569780859
0.0
0.10726643598615898
0.10016065249629254
0.002921953094963476
0.047062942824188526
0.0
0.06553797989784145
0.0
0.0
0.0
0.5074394463667817
0.5290080738177618
0.11314878892733553
0.07299390344373043
0.0047138463228428625
0.0
0.0
0.005458065579172845
0.0
0.0006920415224913494
0.004531224254407646
0.06176470588235294
0.004036908881199539
0.010207612456747405
0.6015982863733725
0.0
0.0
0.0027681660899653974
0.0034602076124567466
0.01041357719558411
0.0011534025374855825
0.0
0.0066897347174163764
0.0
0.0009886307464162139
0.0
0.0
0.0
0.16069780853517893
0.0034602076124567466
0.007414730598121601
0.0
0.5153567309276643
0.0
0.022145328719723193
0.0
0.002142033283901796
0.7446861097380126
0.0
0.08823529411764687
0.017993079584775088
0.0
0.5117647058823529
0.031141868512110746
0.13890261987147795
0.0
0.0
0.06524962926347005
0.008073817762399073
0.0
0.0
0.029065743944636686
0.1469270060965562
0.5518536826495305
0.0
0.687889273356403
0.02474048442906576
0.31980556928653864
0.002076124567474048
0.44389520514088043
0.0019772614928324278
0.0
0.003460207612456749
0.178546712802768
0.274163783160323
0.0
0.0
0.49874361509309584
0.0017301038062283733
0.0
0.4837370242214534
0.12423793046630412
0.00222441917943648
0.005536332179930795
0.0
0.2567474048442914
0.0
0.5061295106277807
0.030729939034437312
0.3515570934256061
0.06724336793540936
0.3241843796342074
0.0
0.048731257208765824
0.016757291151754814
0.007414730598121601
0.3160528917449349
0.4148541769649048
0.0
0.29575712637996376
0.4985170538803753
0.004679518866370076
0.0
0.14232987312572082
0.0029658922392486417
0.006920415224913493
0.09194265941670773
0.062283737024221415
0.39371395617070387
0.0
0.06770060965562695
0.0
0.0
0.0
0.0
0.45346570000549236
0.0
0.021782830779370585
0.11476355247981557
0.0013840830449826987
0.0
0.4574394463667826
0.0
0.332773109243698
0.017465809853353106
0.024699291481298413
0.010380622837370236
0.0
0.00778546712802768
0.16806722689075648
0.0
0.01799307958477509
0.015447355412753334
0.029988465974625143
0.6149942329873119
0.04259350799143182
0.0
0.0
0.007909045971329708
0.0
0.29757785467128045
0.3903443730433353
0.07114845938375342
0.0
0.0009268413247652004
0.1811665842807711
0.0065359477124183035
0.012975778546712804
0.0018536826495304008
0.028143021914648222
0.013065029933542046
0.024468841423858682
0.054209919261822295
0.06732987312572088
0.015694513099357394
0.0034602076124567475
0.04094579008073819
0.0
0.04336793540945786
0.33708189158016083
0.022340308672488596
0.009342560553633215
0.47145328719723145
0.03371642774756964
0.0
0.015220794200032957
0.01820728291316527
0.17647058823529413
0.09241637831603218
0.24567474048442967
0.0015570934256055361
0.05690805734058332
0.012611907508101282
0.004448838358872962
0.40899653979238854
0.21245674740484444
0.0
0.07208765859284878
0.0
0.0
0.02271104520239469
0.05651672433679355
0.0017301038062283733
0.3267918932278789
0.010351787773933098
0.005651672433679353
0.03493161970670622
0.027805239742956022
0.047089031691107806
0.46856978085351775
0.001071016641950898
0.19515570934256046
0.00858461031471412
0.37012687427912405
0.0
0.004634206623826001
0.011897521932124011
0.0024221453287197226
0.017887351018838912
0.013610149942329867
0.0
0.10356593617839309
0.0
0.6239907727796999
0.007002801120448179
0.3703575547866212
0.0
0.38108831768001383
0.3810347668479154
0.46920415224913337
0.34219705707595016
0.6735870818915817
0.04025374855824683
0.45916955017301075
0.08137666831438453
0.256309386499698
0.3886966551326399
0.44281732300763477
0.12736859449662227
0.142486406327237
0.012935584215861036
0.42752100840336227
0.4282006920415227
0.0
0.20674740484429055
0.005931784478497282
0.6551999231064963
0.3517877739331032
0.11389026198714765
0.21272038227055473
0.0
0.393944636678201
0.42283737024221607
0.18725490196078404
0.038430274070412426
0.4363321799307974
0.01822376009227221
0.004152249134948096
0.47520871093535466
0.11255972977426253
0.0
0.21376393694732806
0.3907727797001168
0.09179848409952207
0.004943153732081069
0.5530908441808102
0.0
0.47087658592848947
0.2647058823529421
0.00038446751249519433
0.17306805074971204
0.0004943153732081069
0.39742956005931857
0.07176498050200464
0.5426951172625928
0.0
0.005767012687427912
0.2581905311144068
0.0
0.40406162464986023
0.13700774427418044
0.011534025374855823
0.03277585544021525
0.6672186521667491
0.5112127203822702
0.060306475531388945
0.22433679354094613
0.04687707525077763
0.4096638655462192
0.19671280276816658
0.5924095128247377
0.007151095732410609
0.016493656286043833
0.0285851595540177
0.00038446751249519433
0.5664359861591695
0.5470011534025379
0.0
0.3367935409457909
0.398496457406493
0.3680878233646411
0.41652249134948194
0.005420991926182237
0.0
0.027368594496622198
0.4209342560553639
0.31221208626053
0.2542593507991436
0.0006920415224913494
0.4282006920415238
0.12535837864557592
0.008881199538638983
0.11956939638600532
0.5588235294117625
