0.10947764147210125
0.23388734995383229
0.4616277535945116
0.02597612452183089
0.18816119245482135
0.2901662049861501
0.5013850415512454
0.0034164358264081253
0.4124653739612213
0.43351690630084
0.2574759266587524
0.08771929824561416
0.007505606120564572
0.15769027832739757
0.37112957833179466
0.10390709628936771
0.209553488985622
0.026523545706371193
0.021910038253528566
0.003561535417491097
0.40199182165941144
0.03713560216330295
0.009563382139559424
0.3074803236160581
0.6335641735918738
0.030371982588049063
0.522589368157235
0.17229916897506936
0.41094182825484715
0.2854306819680784
0.24279778393351797
0.2704513476674146
0.004748713889988128
0.021606648199445994
0.45637119113573454
0.0
0.25339115332190165
0.15053972650925568
0.00185441674361342
0.3533471837488465
0.16815063975728828
0.0
0.20822450864002123
0.45637119113573454
0.612603878116343
0.1675702413929561
0.5861429890515769
0.2792837356549269
0.05905663281009539
0.03471837488457987
0.6385041551246528
0.4450402321593455
0.11425273710592275
0.0
0.019324627357868367
0.03262542320714059
0.018087983115683954
0.29582398979905955
0.1697269489513258
0.24556237083937957
0.3312074044761026
0.19295937211449715
0.6715604801477373
0.02635426285010772
0.047382711163874554
0.00319878643978367
0.030646792419645606
0.3603328496680304
0.006987164881901722
0.04038605285142676
0.7250032977179802
0.2196214219759932
0.014769379589324194
0.14457195620630542
0.07449105219188318
0.3444334520511807
0.00034626038781163435
0.14767181110671435
0.13948687508244276
0.0
0.004649782350613375
0.5571890251945646
0.029244163039176884
0.0910862683023347
0.013639361561799238
0.1060743965176097
0.2987006991162122
0.39610539506661385
0.00034626038781163435
0.0017148133491623804
0.11369981972475028
0.023331354702545846
0.03529877324891172
0.013850415512465379
0.32098337950138495
0.15239194477421633
0.08527349074440481
0.21502330387371948
0.10587323572088098
0.0
0.29361341951369735
0.08961218836565088
0.46906740535549324
0.43351690630083906
0.0585564789165897
0.013590095653807567
0.025115420129270545
0.28305632502308453
0.18696082311040785
0.12571560480147753
0.415265136525524
0.023783142065690512
0.13346853977047915
0.00554016620498615
0.2938464582508905
0.019697269489513256
0.45637119113573454
0.07498351141010419
0.16925867299828515
0.04012003693444136
0.23250230840258582
0.46830233478432787
0.09542496592358084
0.16492986853097688
0.36350525436398023
0.03157564965044187
0.12234533702677738
0.023179659675504557
0.38403244954491494
0.0
0.23500197863078798
0.14653739612188382
0.00034626038781163435
0.006030426944554369
0.04001890691641381
0.03671239502264426
0.47519456536076937
0.3553708833487233
0.009662313678934177
0.015924680121356033
0.11595435958316844
0.4662775359451247
0.32467462515938966
0.195266875322277
0.13289583608143174
0.43435562590687204
0.016735918744229004
0.5144374093127555
0.3204062788550327
0.35694499406410807
0.04586576089346173
0.0
0.010746163654750911
0.0
0.04147210130589631
0.002044585147078222
0.0003957261574990108
0.2955612716000531
0.33310469155344563
0.0
0.00998329156223893
0.07649086831912305
0.04209537000395722
0.33646286769555483
0.26645781119465395
0.44713758079408994
0.023730378578024007
0.30656905421448377
0.013639361561799233
0.385401002506266
0.026605988655850156
0.07912544519192727
0.03049070043529876
0.025023084025854108
0.008033240997229914
0.0027700831024930744
0.0036934441366574347
0.026294903926482878
0.2649606472321156
0.11875741986545311
0.4794947896055916
0.17026557622125527
0.12066190196384108
0.04426856615222264
0.2786703601108035
0.37420085300971523
0.1682825484764546
0.5133381699863688
0.4220221606648196
0.0324561403508772
0.3511179263949351
0.4594710460361425
0.41712834718374864
0.4511058347623444
0.23262762168579482
0.5938728399947233
0.006872444268566152
0.4152750296794617
0.32536164973838155
0.36550257222002386
0.3041617200896982
0.0
0.4150178076770875
0.055121356021632976
0.3431803192191002
0.1458646616541351
0.07072945521698981
0.5342830761113291
0.14618124258013518
0.0
0.521573671019654
0.10716374269005867
0.02015235457063713
0.4814888097436568
0.014819944598337957
0.5360176757683673
0.04265927977839329
0.4002308402585405
0.13033240997229933
0.0
0.05875873895264473
0.16961482654003393
0.004432132963988918
0.001599393219891835
0.3473552301807146
0.36657433056324934
0.34216572132084594
0.2142857142857147
0.39407070307347314
0.35235457063711845
0.0888196368113265
0.00505540166204986
0.48067867036011025
0.2827793167128349
0.02583762036670624
0.2756232686980611
0.29810710987996314
0.0011080332409972296
0.19812799542716436
0.04802136921250494
0.21533438860308723
0.08035219628017409
0.07013586598074131
0.4980708349821927
0.22599261311172675
0.743338609682102
0.3155619311436492
0.3370003957261579
0.13348502836037457
0.05609418282548476
0.5729916897506921
0.014971639625379238
0.018310029459613953
0.4955678670360097
0.3136921250494662
0.42658950006595503
0.04426856615222264
0.11179044101481787
0.038583300356153545
0.009695290858725761
0.5032383590555343
0.2430484104999346
0.26161346348326964
0.0961548608363013
0.024205249967022828
0.0010156971375807938
0.4125170382095596
0.0759134678802268
0.3155949083234405
0.22811634349030482
0.07160005276348767
0.31117926394934736
0.0
0.3188233742250359
0.007156048014773776
0.0
0.49907114276920406
0.4244163039176889
0.23325418810183393
0.21326342171217558
0.13532075803543964
0.42938046871564783
0.6250582596842993
0.20609418282548533
0.09465769687376345
0.15302730510486742
0.0
0.17003693444136658
0.00034626038781163435
0.24847645429362913
0.030455524776854374
0.0024238227146814403
0.003907795805302731
0.0
0.3305500593589242
0.5817174515235454
0.02445587653343887
0.0024271204326605984
0.0005540166204986148
0.0
0.03125137404915799
0.5012003693444146
0.0
0.43328716528162653
0.3899353647276098
0.31841006023831603
0.2366145627225965
0.3426790660862689
0.4986347447566289
0.3919667590027719
0.2089104339796862
0.06449676823638036
0.36115947764147277
0.008331134854680561
0.0
0.013938354658576268
0.059655718242975816
0.020313942751615896
0.3659873367629601
0.4205447830101581
0.33309919535681354
0.42446906740535656
0.03414237347755353
0.0
0.004432132963988918
0.3442421844083896
0.004191399551510355
0.028537352152310597
0.45794090489381284
0.5339115332190111
0.3596952908587247
0.0
0.002493074792243767
0.5209141274238229
0.4812689618783791
0.000923361034164358
0.39501385041551174
0.41089566020314
0.04713758079409048
0.008585059139075759
0.3506463527239141
0.0058204722332146136
0.3602866816163212
0.29252077562326984
0.013718506793299043
0.39215143120960383
0.07326869806094184
0.31290397045244717
0.31871345029239867
0.022622345337026777
0.05229191399551509
0.003957261574990108
0.024930747922437674
0.18550323176361955
0.5283933518005522
0.0015829046299960432
0.21416699643846482
0.03947038649254713
0.020102888800949743
0.017166121044237394
0.0018467220683287167
0.0746108692784593
0.4178208679593713
0.2723321461548616
0.4884579870729464
0.005396165853229566
0.13466780987556687
0.12718528778085594
0.01789341775491361
0.0014839730906212904
0.5307017543859648
0.1838312887481862
0.48476454293628807
0.14694521391197313
0.047157367101965386
0.6463527239150502
0.011014378050389125
0.2918480411555209
0.19954931187618172
0.24709141274238253
0.32728531855955706
0.004770698676515852
0.29270544783010183
0.0933518005540166
0.006494305940289323
0.3129402453502189
0.013019390581717452
0.24709141274238253
0.012003693444136652
0.0068856351404827845
0.21048014773776566
0.24709141274238253
0.0
0.04375412214747389
0.03438860308666401
0.05133887349953827
0.0
0.004478301015697137
0.007261574990106845
0.002242448225827727
0.0
0.0041419337818229774
0.000461680517082179
0.0
0.2426263025986019
0.0
0.31768236380424725
0.00034626038781163435
0.002077562326869806
0.2633425669436758
0.015927977839335184
0.6053027305104867
0.19155124653739633
0.0005540166204986148
0.14377830541265446
0.14857538583300353
0.035329551950050546
0.01730642395462341
0.4631117266851359
0.43767313019390613
0.03978696741854632
0.14792243767313035
0.20258541089566104
0.13657828782482537
0.009233610341643585
0.033922525612276294
0.5493910214131827
0.0034626038781163434
0.13703007518797
0.1662247724574596
0.02248054346392298
0.00915666358879655
0.2664380248867792
0.6038913072154068
0.18092599920854835
0.07082179132040627
0.0026441702341979353
0.023819416963461303
0.004755309325946444
0.5926526843424362
0.003653871520907532
0.006205705651689031
0.0
0.01569713758079409
0.18447434375412233
0.11628632985973715
0.0
0.1390284922833402
0.18241656773512754
0.1224948335751664
0.24626038781163495
0.01569713758079409
0.06902123730378579
0.2713758079409049
0.25530932594644545
0.695637119113571
0.4965978542848355
0.21745152354570674
0.3094743437541218
0.15549399815327794
0.18416435826408123
0.01352094350709309
0.010156971375807941
0.0
0.3806621817702164
0.29616475399023945
0.508468539770478
0.0
0.000461680517082179
0.030286241920590932
0.0
0.00831024930747922
0.013530536868487002
0.0
0.000923361034164358
0.006094182825484762
0.004188101833531196
0.0
0.18777206173328062
0.0006155740227762391
0.0011080332409972296
0.17248384118190235
0.08098096117486696
0.08098096117486696
0.028229665071770313
0.26411862990810414
0.0071230708349821915
0.006803814837055834
0.10198742470210617
0.023686309074120674
0.004955370883348724
0.0011828814460393409
0.16408565272831227
0.011542012927054479
0.012878687947940028
0.0007554772097708388
0.523638042474607
0.5286835509827195
0.020775623268698067
0.060353335491839605
0.0
0.0
0.01963131512993009
0.028967154728927573
0.04515125533131068
0.008112386228729715
0.0037099327265532256
0.06484632634217119
0.03633425669436747
0.0011080332409972296
0.3380029019918218
0.008033240997229915
0.0019786307874950543
0.011357340720221609
0.0024238227146814403
0.1302202875610078
0.02243767313019391
0.004279423254492509
0.0
0.046898046551786234
0.015257441850239634
0.004333201424614167
0.0
0.0010156971375807938
0.03164490172800421
0.0010828506673382018
0.029125445191927172
0.01595565868419055
0.42003693444136625
0.07215406938398625
0.03857010948423687
0.059156563657948684
0.01149584487534626
0.6543991557841974
0.00382535285582377
0.14694631315129947
0.008363012795145756
0.0013850415512465372
0.35263157894736824
0.008745548080728135
0.44685507628720916
0.0
0.0035615354174910957
0.17012267510882423
0.30540825748581946
0.002493074792243767
0.04294947896055924
0.1516884316053292
0.3553961658532297
0.44928329595919586
0.0
0.5391043397968592
0.20424746075715616
0.12479224376731297
0.006483313547025457
0.1441762300488065
0.0036153981444840173
0.001846722068328716
0.030273051048674303
0.02807347315657565
0.18521303258145405
0.005144440047487138
0.0
0.48992327309501815
0.0
0.005500593589236248
0.014589104339796863
0.1463263421712177
0.008705975464978234
0.008574066745811895
0.0
0.08487006991162115
0.000461680517082179
0.3771226311392517
0.005909510618651892
0.29796420876753427
0.1606120564569321
0.3324165677351277
0.000461680517082179
0.02353251549927451
0.013942751615881812
0.02923976608187132
0.3736842105263161
0.3409972299168982
0.011080332409972292
0.28679593721145047
0.45555335707690153
0.0006925207756232687
0.06066481994459825
0.007017543859649121
0.0024842808776326785
0.006569054214483576
0.08346194433452038
0.009233610341643581
0.22559688695422792
0.012314278519264671
0.01219536081031926
0.007177033492822967
0.05701094842369077
0.004432132963988918
0.003324099722991689
0.3392362485160272
0.0024930747922437668
0.05074528426328977
0.24120168843160528
0.026592797783933513
0.015453106450336367
0.4498614958448753
0.031486611265004606
0.21218836565097018
0.02622785032757333
0.004539858417974762
0.008125577100646349
0.0
0.0
0.20299432792507613
0.014127423822714683
0.059035747262894026
0.0
0.016735918744228997
0.44420261179264037
0.0003957261574990108
0.0015829046299960432
0.007716660071230705
0.0338411819021237
0.030620210814116616
0.3165479488194177
0.08425669436749755
0.002954755309325946
0.02386228729719035
0.06189816646880357
0.0
0.025239334380608623
0.0
0.0
0.010961614562722594
0.004649782350613376
0.04594549802306033
0.0543991557841973
0.014404432132963989
0.006403069076199271
0.0322714681440443
0.18365650969529104
0.0
0.0398364331882337
0.07898034560084423
0.018895924020577777
0.03800619970980078
0.31763619575253893
0.07418216594116865
0.0351796556782706
0.010552697533306952
0.02170887745679991
0.00794090489381348
0.07460837100726289
0.04376731301939053
0.017458118981664696
0.0033306951589500058
0.04482917820867954
0.03233742250362747
0.2101371850679332
0.12935188849316298
0.017435034955810585
0.09644016340692235
0.008310249307479225
0.003324099722991689
0.0038583300356153554
0.19639889196675903
0.0031658092599920864
0.31917732928813286
0.0132854064987029
0.0034626038781163434
0.043688167787890725
0.004524469067405355
0.21869806094182917
0.34067405355494024
0.012711603570329334
0.07266851338873494
0.002473288484368817
0.22696214219759947
0.0
0.0014839730906212904
0.024004588824533386
0.002374356944994065
0.046306555863342536
0.0049960427384250095
0.0
0.06404168315525649
0.046398891966759004
0.20365387152090772
0.048140087059754616
0.09422899353647274
0.00461680517082179
0.30233478432924477
0.403831948291782
0.36615881809787754
0.3810001478976542
0.5180550059358936
0.03770610737369741
0.12026777469990761
0.18121619839071362
0.13001403029103872
0.581809787626961
0.6044783010156966
0.15700435298773247
0.18376203667062405
0.03486947032653401
0.3883656509695297
0.40009233610341793
0.0
0.1735424086532123
0.011624455876533438
0.5161775051664248
0.2526249835114104
0.054247460757156044
0.1861627753594512
0.025649650441894215
0.20913467880226927
0.014958448753462607
0.13547025458382816
0.031671283471837466
0.37802400738689046
0.02140218968473817
0.09085872576177288
0.27090093655190645
0.11949281097480546
0.009035747262894075
0.3138965835641741
0.3891043397968616
0.011423295079804772
0.025831024930747924
0.5054258453150418
0.0
0.3822318955282953
0.20558633425669484
0.0015389350569405978
0.13887349953831987
0.0
0.21874422899353663
0.07657960691201682
0.3246944114672652
0.0006925207756232687
0.01169590643274854
0.09586466165413521
0.0
0.2893417754913604
0.1291122543200107
0.15474211845402966
0.1870663500857407
0.5501286110011865
0.5252539242843939
0.04994393879435425
0.16643582640812576
0.024162379633293776
0.19633293760717613
0.27313019390581733
0.5034790924680134
0.0025062656641604013
0.006395674193458129
0.05726487270808597
0.0
0.5291320406278854
0.5334256694367489
0.0012465373961218836
0.24035087719298356
0.36617310820911925
0.3341610605461028
0.34199753770390917
0.04664402233654308
0.004062788550323175
0.08545706371191125
0.3885503231763639
0.4795079804775095
0.008254188101833529
0.052723915050784845
0.37294552169898576
0.003724222837796245
0.04690674053554934
0.03897902651365255
0.45561601371850574
