0.0
0.2307692307692308
0.3482671174978869
0.0
0.15838264299802762
0.39704142011834326
0.6025641025641032
0.0
0.381262327416173
0.6281816474124172
0.25591715976331364
0.08796844181459566
0.0
0.22809242040011257
0.7390109890109883
0.021097492251338407
0.4590870667793749
0.03663003663003664
0.0
0.08241758241758233
0.5416173570019723
0.0
0.0
0.4023668639053256
0.6774161735700184
0.0
0.5935474781628626
0.3882783882783884
0.312045646661031
0.08002254156100305
0.4309664694280077
0.059876021414482984
0.029444914060298682
0.17061143984220903
0.7094251901944196
0.0023668639053254434
0.41866253404714926
0.32392927585235287
0.00542406311637081
0.3547337278106509
0.17148492533107915
0.007495069033530569
0.4678923640462105
0.7094251901944196
0.6443786982248513
0.028458720766413072
0.40645252183713765
0.7004226542688078
0.1840424532732224
0.02867004790081713
0.6325443786982244
0.6756269371653981
0.058671456748379806
0.0
0.102451394759087
0.4623274161735698
0.08915187376725828
0.4945759368836295
0.42857142857142944
0.42481684981685
0.46004124081047176
0.3012116089039168
0.706213017751478
0.015384615384615382
0.11196816004508303
0.0668850380388842
0.0016906170752324604
0.46027049873203707
0.0
0.0
0.731360946745562
0.453226260918569
0.0
0.5491124260355029
0.24556213017751474
0.5648562975486052
0.003381234150464921
0.18007889546351077
0.15038038884192714
0.0
0.0
0.32072414764722457
0.10083826429980276
0.0
0.004930966469428008
0.3183291067906454
0.4349112426035502
0.4132502113271345
0.01014370245139476
0.7175260636799096
0.0
0.012538743307974071
0.25778388278388276
0.04754860524091296
0.6159481544096935
0.2984878369493754
0.10897435897435885
0.30085470085470056
0.041114868037944965
0.0
0.5038038884192729
0.013524936601859676
0.4823894054663281
0.6281816474124171
0.24464168310322146
0.06790645252183708
0.25236686390532576
0.3302761341222882
0.2018174133558749
0.27712031558185435
0.4988165680473374
0.03226260918568612
0.04765426880811498
0.0
0.3581988524296218
0.07120315581854036
0.7094251901944196
0.10118343195266273
0.6102564102564103
0.216568047337278
0.1488165680473372
0.2014652014652015
0.4179487179487186
0.2566638489715414
0.617086972856203
0.03381234150464921
0.13038884192730338
0.0008453085376162302
0.5124260355029585
0.15919977458439016
0.24230769230769275
0.052662721893491145
0.0
0.027190757959988727
0.03569080492157416
0.013947590870667794
0.48661594815440956
0.6030924204001122
0.005177514792899409
0.2046351084812623
0.2812646754954447
0.5599605522682441
0.26498117267348076
0.18660185967878254
0.238395792241946
0.2688902977364516
0.0
0.6914905607213298
0.010946745562130177
0.4657931811777967
0.17972198741429518
0.013665821358129049
0.03719357565511413
0.0
0.0
0.01662440123978585
0.019301211608903912
0.3970132431670897
0.4859467455621305
0.0
0.013102282333051565
0.13327057557826774
0.0
0.6078825021132713
0.3182586644125104
0.5605240912933223
0.0
0.5724852071005913
0.00710059171597633
0.5274443505212731
0.009110547572086035
0.18003663003662995
0.0
0.017751479289940822
0.0
0.0
0.0
0.018174133558748938
0.17932281393819838
0.48609467455621314
0.4769230769230773
0.13489010989010977
0.08262890955198643
0.18610876303183982
0.42544378698224866
0.3896614069690995
0.4077909270216961
0.3806659152812996
0.5747252747252751
0.05283178360101435
0.435404339250493
0.5386869540715693
0.07976894899971824
0.49753451676528565
0.08698224852070997
0.6607495069033513
0.0
0.2244505494505494
0.4023316427162582
0.41141870949563353
0.3229642152719078
0.0
0.1432610124917817
0.012426035502958578
0.24666103127641592
0.010312764158918
0.214102564102564
0.6973795435333899
0.13666525781910382
0.0
0.6684418145956605
0.0073964497041420114
0.0
0.8003944773175523
0.013806706114398423
0.7573964497041401
0.3715976331360951
0.4588475626937165
0.23491124260355073
0.021273598196675115
0.027810650887573972
0.2823048746125668
0.0
0.0
0.2428007889546352
0.2914201183431955
0.26627218934911245
0.27321076359537877
0.3066356720202875
0.24230769230769234
0.0
0.19053254437869813
0.5204564666103133
0.015384615384615382
0.0
0.20601577909270205
0.4390532544378699
0.0
0.4499859115243732
0.008875739644970414
0.2889546351084813
0.569033530571992
0.13417159763313605
0.4045036160420774
0.0
0.6337278106508869
0.2468019160326854
0.0014792899408284023
0.4231121442659905
0.025641025641025644
0.6621301775147921
0.012440123978585516
0.023034657650042263
0.6014792899408269
0.15729783037475337
0.6147928994082843
0.18610876303183982
0.1389123696816003
0.4077909270216963
0.47140039447731724
0.5146942800788955
0.29328684136376443
0.3609467455621303
0.061735700197238626
0.054522400676246856
0.001972386587771203
0.8547008547008542
0.5241617357001972
0.3967901756363295
0.34497041420118363
0.2292899408284022
0.56923076923077
0.0
0.0
0.0016906170752324604
0.0
0.6929064525218364
0.3174016154785384
0.2190476190476191
0.23119188503803878
0.13210059171597624
0.6004273504273504
0.785009861932937
0.401321968629661
0.40416314454776003
0.0
0.0
0.019230769230769232
0.0
0.5864187094956319
0.007607776838546071
0.0
0.0014792899408284023
0.0
0.47684793838640005
0.5564102564102559
0.0912933220625528
0.0009861932938856014
0.0
0.00710059171597633
0.014687235841081996
0.4159763313609464
0.003944773175542408
0.4564102564102565
0.3759368836291908
0.4569479665633511
0.17233023386869556
0.2070019723865875
0.4389546351084814
0.4090729783037472
0.48323471400394463
0.0289940828402367
0.14230769230769214
0.0
0.0
0.027972027972027958
0.030290222597914907
0.023609937071475545
0.1703296703296702
0.44694280078895454
0.3703038414576877
0.40098619329388524
0.009861932938856012
0.0
0.004954447262139571
0.4154127923358695
0.0
0.16770216962524637
0.4910679064525218
0.8198083967314724
0.5284023668639054
0.01913214990138067
0.05522682445759368
0.2576923076923078
0.4716704235935004
0.0
0.5052690898844737
0.08550295857988163
0.2277120315581855
0.004421433267587114
0.38717948717948736
0.011834319526627213
0.3672161172161177
0.18205128205128204
0.005325443786982248
0.3076923076923077
0.4317554240631166
0.46689208227669776
0.6035502958579887
0.12573964497041415
0.5397435897435897
0.0
0.006903353057199212
0.0011834319526627217
0.43530571992110534
0.0
0.0
0.04260355029585799
0.16666666666666652
0.017094017094017096
0.0
0.02237249929557621
0.3250140884756265
0.33313609467455635
0.4857001972386589
0.0
0.16347327885789392
0.13348830656522942
0.0
0.0
0.48106508875739634
0.02564102564102564
0.3846153846153847
0.043991265145111286
0.8353057199211036
0.6913214990138062
0.10876068376068355
0.5436742744435057
0.41717854794777853
0.08569315300084532
0.442941673710905
0.0
0.013863060016906166
0.7692307692307668
0.006598102751948906
0.4376725838264288
0.08622147083685541
0.08569315300084532
0.01197520428289659
0.012362637362637364
0.5010777683854604
0.08569315300084532
0.0
0.003944773175542406
0.0
0.0
0.0
0.0
0.010650887573964495
0.0
0.0
0.0
0.0
0.0
0.602859960552268
0.004015215553677093
0.6200338123415049
0.06469428007889544
0.0
0.13017751479289963
0.0
0.5789940828402363
0.4962876866723021
0.008284023668639052
0.4658777120315584
0.2875739644970418
0.08294590025359255
0.0
0.5665680473372781
0.35700197238658765
0.012468300929839391
0.5014581572273878
0.20335305719921076
0.005212735981966751
0.0
0.0
0.7607776838546045
0.0
0.022259791490560715
0.12426035502958578
0.12330233868695396
0.012256973795435333
0.20009157509157505
0.5970414201183427
0.2063116370808676
0.21538461538461537
0.12240537240537228
0.35266272189349146
0.0
0.5869258946182022
0.0011834319526627217
0.33136094674556243
0.0
0.0
0.37396449704142
0.2749225133840518
0.09839391377852906
0.20817131586362358
0.1880811496196111
0.0
0.011552550014088473
0.0
0.07692307692307693
0.27810650887573973
0.2576923076923078
0.7884380576688264
0.4852188409880718
0.5976331360946746
0.2223865877712032
0.5034023668639053
0.03127641589180052
0.02101530947684794
0.10177514792899403
0.0
0.15018315018315007
0.30135249366018596
0.5017375786606554
0.0
0.0
0.0
0.0
0.02273879966187658
0.0
0.0
0.007185122569737955
0.0
0.0
0.0
0.4016624401239789
0.014631522323830012
0.0
0.4835305719921103
0.0
0.0
0.016906170752324597
0.2037475345167653
0.0
0.10207100591715963
0.10154268808114952
0.003090072320841552
0.02141448295294449
0.0
0.06808255846717384
0.0
0.0
0.0
0.5538461538461534
0.5712031558185398
0.12307692307692293
0.09242040011270775
0.0072156476002629855
0.0
0.0
0.005529726683572837
0.0
0.0
0.006058044519582983
0.051775147928994084
0.0029585798816568047
0.013313609467455622
0.6143984220907297
0.0
0.0
0.0023668639053254434
0.004930966469428007
0.007945900253592559
0.0019723865877712033
0.0
0.011439842209072976
0.0
0.0016906170752324604
0.0
0.0
0.0
0.1950197238658775
0.0
0.01098901098901099
0.0
0.5032685263454495
0.0
0.03076923076923078
0.0
0.0008453085376162302
0.7588052972668345
0.0
0.09650605804451946
0.026035502958579884
0.0
0.51025641025641
0.03564384333615105
0.15807269653423509
0.0
0.0
0.06579318117779655
0.009861932938856012
0.0
0.0
0.03668639053254438
0.13358692589461818
0.4911524373062832
0.0
0.7076923076923058
0.02573964497041421
0.38323471400394504
0.003550295857988165
0.466046773739082
0.0016906170752324604
0.0
0.003381234150464921
0.16607495069033557
0.3045364891518734
0.0
0.0
0.5093688362919132
0.0029585798816568042
0.0
0.4973372781065088
0.1263736263736262
0.0038038884192730343
0.008284023668639052
0.0
0.27416173570019775
0.0
0.47027331642716286
0.020879120879120867
0.355226824457594
0.07692307692307683
0.38676387714849286
0.0
0.07692307692307687
0.023922231614539297
0.01014370245139476
0.33093829247675394
0.4619329388560165
0.0
0.2818399549168779
0.5095801634263172
0.006029867568329106
0.0
0.12820512820512814
0.0
0.008284023668639052
0.1420118343195265
0.07016060862214707
0.4446745562130182
0.0
0.09918286841363763
0.0
0.0
0.0
0.0
0.45703014933784164
0.0
0.01844181459566075
0.1035502958579881
0.0
0.0
0.4808678500986195
0.0
0.3643279797125961
0.028881375035221188
0.021555367709213853
0.012820512820512815
0.0
0.009467455621301774
0.19780219780219752
0.0
0.01420118343195266
0.016483516483516484
0.037475345167652864
0.668244575936883
0.0517047055508594
0.0
0.0
0.004226542688081151
0.0
0.3696252465483231
0.37945900253592607
0.07765567765567759
0.0
0.0
0.17515497323189652
0.008547008547008551
0.01035502958579882
0.0023245984784446326
0.03372781065088758
0.018068469991546918
0.02189132366647157
0.07416173570019717
0.0754437869822485
0.01088334742180896
0.004930966469428008
0.02761341222879684
0.0
0.06489151873767254
0.3862919132149901
0.016683103221564768
0.01225697379543533
0.5113412228796835
0.03490419836573684
0.0
0.015755611909458064
0.015497323189630877
0.15384615384615385
0.102481919789612
0.20907297830374738
0.0
0.07776838546069322
0.0
0.0
0.39112426035502923
0.20591715976331376
0.0
0.06303418803418796
0.0
0.0
0.02362167746783132
0.03994082840236687
0.0
0.3326007326007328
0.013560157790927016
0.009664694280078894
0.029444914060298682
0.033347421808960276
0.04305438151591999
0.5038461538461538
0.0008453085376162302
0.20470555085939696
0.010143702451394758
0.3636094674556212
0.0
0.0025359256128486907
0.0
0.0009861932938856014
0.024145299145299153
0.007889546351084811
0.0
0.12695595003287308
0.0
0.5893209354747818
0.01197520428289659
0.38264299802761353
0.0
0.38379120879120876
0.38850380388841976
0.5198224852070998
0.3345466499312653
0.6577909270216955
0.015976331360946738
0.52465483234714
0.07090025359256125
0.27438480323095704
0.3846153846153852
0.4427890485582795
0.1370808678500986
0.14283366206443118
0.015348753810292274
0.42540152155536837
0.423076923076923
0.0
0.20857988165680466
0.0084530853761623
0.6705202916741376
0.3076923076923077
0.13640462102000545
0.22287968441814585
0.0
0.4179487179487186
0.40828402366863864
0.18323471400394478
0.045148868225791276
0.4195266272189345
0.0065088757396449684
0.004733727810650887
0.497734103503334
0.11947027331642708
0.0
0.21794871794871792
0.4118343195266272
0.07861369399830938
0.003381234150464921
0.5777566450643377
0.0
0.4511834319526627
0.261242603550296
0.0
0.17964215271907544
0.0008453085376162302
0.3905325443786985
0.07311918850380383
0.5521636483174952
0.0
0.009122287968441814
0.25508359162205285
0.0
0.3983164271625812
0.14161266084342988
0.0
0.04289940828402362
0.7240067624683
0.5140743871513105
0.07354184277261196
0.25710059171597616
0.051042974119897166
0.40384615384615385
0.1834319526627215
0.6020827463135153
0.0059171597633136085
0.009319526627218938
0.02763924110077956
0.0
0.5384615384615398
0.564102564102565
0.0
0.3357001972386587
0.4033248802479572
0.36484925331079165
0.4130388841927309
0.008284023668639052
0.0
0.02741617357001972
0.40147928994082804
0.21632747594286028
0.25434629473091025
0.0011834319526627217
0.40680473372781023
0.12144735606274058
0.011637080867850097
0.1228632478632478
0.5461538461538454
