0.10543981481481474
0.22708333333333297
0.4766865079365075
0.022858796296296287
0.24330357142857129
0.33587962962962975
0.5555555555555555
0.006828703703703702
0.4062499999999991
0.4532297178130509
0.3061259920634922
0.05740740740740743
0.0
0.16152722663139327
0.4780423280423282
0.1079445246111912
0.23595403439153437
0.029307208994708994
0.0
0.008928571428571432
0.42592592592592626
0.03869047619047621
0.012028769841269838
0.2992311507936507
0.7236111111111108
0.03323412698412699
0.6076388888888888
0.1468253968253968
0.47660383597883604
0.29953703703703694
0.2662037037037037
0.30652006172839485
0.011904761904761906
0.01064814814814815
0.4646494708994713
0.0
0.33921682098765454
0.175768849206349
0.00300925925925926
0.346875
0.18310185185185168
0.0
0.25542328042328033
0.4646494708994713
0.6763888888888887
0.14517195767195776
0.680291005291006
0.31230158730158747
0.024691358024691367
0.042286706349206345
0.6871527777777774
0.486044973544974
0.11734457671957665
0.0
0.02698412698412697
0.04359567901234564
0.0216600529100529
0.3163194444444445
0.22992724867724856
0.24880952380952376
0.32647431657848314
0.18287037037037016
0.75625
0.031112213403880082
0.05915178571428575
0.004712301587301588
0.030960648148148154
0.39592978395061695
0.004498106060606061
0.07504133597883587
0.7255291005290999
0.25416666666666665
0.014313271604938275
0.15056216931216923
0.08686067019400354
0.4191881613756614
0.0
0.1886243386243383
0.13632605820105817
0.0
0.005456349206349207
0.6955357142857141
0.03381283068783069
0.1209490740740739
0.008267195767195768
0.07390873015873013
0.3626488095238097
0.3792658730158727
0.0
0.0035273368606701955
0.10044642857142852
0.03013392857142858
0.021990740740740734
0.020337301587301584
0.4146825396825393
0.1811866181657846
0.07097663139329805
0.18560681216931216
0.12093529541446205
0.0
0.34165013227513213
0.12453703703703689
0.5006944444444446
0.4532297178130507
0.09616126543209877
0.011284722222222219
0.012731481481481476
0.29421296296296306
0.18105158730158716
0.1587962962962962
0.418783068783069
0.038078703703703684
0.1307208994708993
0.005952380952380955
0.3399140211640211
0.01957671957671957
0.4646494708994713
0.012731481481481477
0.2146246693121692
0.006018518518518518
0.24236111111111125
0.5297619047619047
0.11076664462081104
0.15475363756613744
0.48686893738977083
0.018036265432098773
0.1281415343915343
0.014550264550264551
0.44998346560846575
0.0
0.23171296296296287
0.16154100529100524
0.0
0.0014660493827160495
0.021908068783068783
0.020205026455026462
0.5303902116402118
0.4362158289241621
0.019014550264550262
0.02764550264550264
0.09232804232804223
0.5341600529100526
0.36663910934744254
0.20482729076479061
0.16863701499118153
0.4431630291005293
0.024057539682539673
0.6039599867724867
0.4046296296296291
0.4608134920634923
0.0308641975308642
0.0
0.009824184303350969
0.0
0.05193452380952382
0.0
0.0009920634920634924
0.23941798941798917
0.35962577160493825
0.0
0.012885802469135803
0.0733235129068462
0.06693948412698414
0.4093501984126982
0.2762345679012348
0.5740740740740734
0.03888888888888889
0.4195188492063488
0.008300264550264549
0.4501818783068782
0.03601741622574957
0.05251322751322757
0.01934523809523809
0.018981481481481478
0.006018518518518517
0.00486111111111111
0.0
0.03428130511463845
0.2968802609427612
0.143163029100529
0.4640376984126984
0.1825451940035271
0.11752420033670036
0.07113095238095239
0.38090277777777776
0.3581018518518517
0.1539351851851852
0.5615079365079358
0.5484126984126985
0.035612323633156986
0.3872354497354499
0.44997519841269884
0.412367724867725
0.6120342813051148
0.25708498677248687
0.5865079365079362
0.0
0.49396494708994687
0.34319885361552027
0.4344468995510662
0.31216931216931193
0.0
0.4470899470899471
0.10411155202821865
0.330687830687831
0.08619378306878311
0.05104166666666667
0.5545634920634925
0.13148699294532626
0.0
0.580770502645502
0.11157407407407388
0.023809523809523805
0.5108024691358026
0.018750000000000003
0.6496362433862433
0.060185185185185196
0.5842592592592586
0.16165674603174615
0.0
0.039384920634920634
0.16913029100529103
0.008333333333333331
0.0008680555555555555
0.34788359788359813
0.3373842592592596
0.318273258377425
0.20866402116402108
0.4491705246913583
0.36898148148148135
0.11060956790123437
0.0078125
0.47348710317460313
0.34317129629629617
0.021205357142857137
0.24606481481481468
0.3500000000000002
0.0
0.09292052469135784
0.047734788359788366
0.25304232804232785
0.07189153439153438
0.10205853174603169
0.49013999118165774
0.25868055555555536
0.7442129629629625
0.38022486772486785
0.3564401455026459
0.14955357142857142
0.0
0.6712962962962957
0.015046296296296289
0.027135692239858906
0.4690972222222224
0.29347993827160485
0.5478670634920642
0.07113095238095239
0.10249669312169309
0.036805555555555564
0.012152777777777778
0.53172123015873
0.25030588624338623
0.25727513227513205
0.11665013227513227
0.0021494708994708994
0.0
0.4519262566137567
0.04844576719576718
0.3137042548500881
0.2524305555555555
0.10158730158730159
0.4991980820105815
0.0
0.37483465608465605
0.010648148148148146
0.0
0.4951774691358024
0.4613095238095244
0.27676091269841213
0.2037863756613757
0.13797398589065246
0.4707286155202821
0.7086089065255725
0.19421296296296284
0.13852513227513227
0.1691633597883598
0.0
0.25
0.0008680555555555555
0.43657407407407434
0.03703703703703703
0.0026041666666666665
0.006324404761904763
0.0
0.33118386243386216
0.619560185185185
0.029017857142857137
0.006084656084656084
0.0
0.0
0.029651675485008824
0.5754298941798934
0.0
0.4136574074074068
0.3937499999999998
0.4208553791887125
0.21544312169312152
0.4474537037037043
0.4707341269841264
0.40833333333333244
0.19444444444444434
0.05729166666666669
0.3540674603174601
0.009837962962962965
0.0
0.010637125220458553
0.09284060846560839
0.026455026455026443
0.4497685185185185
0.40023148148148074
0.3735945767195767
0.39687499999999976
0.0494240520282187
0.0
0.005555555555555554
0.37352017195767173
0.004712301587301588
0.020957341269841268
0.6164351851851845
0.5851521164021165
0.3689814814814818
0.0
0.003472222222222222
0.4899305555555554
0.5204613095238094
0.0011574074074074071
0.5361689814814814
0.3818287037037032
0.04895833333333335
0.011684303350970019
0.38541666666666713
0.009259259259259257
0.3602430555555558
0.2541666666666666
0.02091600529100529
0.39074074074074056
0.0757275132275132
0.35006613756613764
0.2968749999999998
0.018055555555555554
0.08633432539682537
0.0
0.04398148148148148
0.2354166666666664
0.6031249999999991
0.0
0.2472470238095237
0.05646494708994712
0.0013888888888888885
0.001841329966329967
0.00462962962962963
0.056803902116402134
0.59348544973545
0.3375826719576718
0.618055555555556
0.006949955908289243
0.15632716049382686
0.1246720679012344
0.023024140211640207
0.0
0.5283564814814814
0.23561507936507928
0.4814814814814816
0.1343832671957671
0.047619047619047644
0.7245370370370372
0.009259259259259257
0.3201058201058202
0.2176752645502644
0.2701719576719577
0.5418981481481482
0.006599977954144623
0.42696759259259337
0.11458333333333316
0.015509259259259266
0.31276455026455036
0.019097222222222224
0.2701719576719577
0.02430555555555554
0.004009589947089947
0.37071759259259285
0.2701719576719577
0.0
0.05509259259259262
0.039599867724867725
0.04652777777777779
0.0
0.0
0.005753968253968254
0.0033068783068783067
0.0
0.01038359788359788
0.0
0.0
0.3165895061728393
0.0
0.5203703703703701
0.0008680555555555555
0.003472222222222222
0.2892361111111113
0.018402777777777775
0.6432539682539683
0.34907407407407415
0.0
0.20720348324514984
0.23161375661375658
0.004340277777777778
0.01033399470899471
0.47812500000000013
0.4560185185185184
0.034515542328042347
0.28078703703703717
0.20486111111111083
0.19566798941798924
0.004050925925925927
0.04723324514991181
0.6248897707231035
0.0
0.20680390211640196
0.21299603174603168
0.028935185185185182
0.0
0.3240961199294533
0.6432539682539685
0.1760251322751321
0.058333333333333334
0.005366161616161617
0.03207671957671957
0.005324074074074073
0.7554563492063476
0.005687830687830688
0.006876803751803752
0.0
0.02777777777777776
0.25016534391534384
0.11182760141093454
0.0
0.1311094576719577
0.22364417989417978
0.12397486772486771
0.27777777777777757
0.023726851851851857
0.07812500000000001
0.2682291666666667
0.22650462962962958
0.7386188271604923
0.5241457231040562
0.17222222222222236
0.29794973544973574
0.31678240740740743
0.19317129629629623
0.008212331649831654
0.0
0.0
0.41269841269841345
0.32218915343915344
0.5727513227513222
0.0
0.0
0.04861111111111113
0.0
0.013888888888888883
0.019957010582010583
0.0
0.0011574074074074071
0.005092592592592591
0.0008680555555555555
0.0
0.21279761904761893
0.0
0.002777777777777777
0.16840277777777757
0.0864197530864197
0.0864197530864197
0.0468364197530864
0.2799052028218696
0.0
0.005555555555555554
0.13142361111111103
0.024345889450056123
0.002334104938271605
0.0029654180695847365
0.20883487654320979
0.014313271604938275
0.006652336860670195
0.001262626262626263
0.6405092592592591
0.5578538359788356
0.026388888888888892
0.09419642857142849
0.0
0.0
0.021188822751322747
0.0333994708994709
0.055073302469135804
0.020337301587301577
0.005580357142857144
0.04513888888888889
0.05162037037037038
0.0
0.34877645502645493
0.011111111111111108
0.0
0.0
0.0026041666666666665
0.19490740740740747
0.020833333333333332
0.0
0.0
0.07624984968734973
0.0078125
0.0
0.0
0.0
0.04024470899470901
0.0027146464646464643
0.025793650793650782
0.004309964726631393
0.5132275132275135
0.07527281746031748
0.02827380952380951
0.09977678571428562
0.010416666666666664
0.835152116402116
0.008597883597883597
0.14940476190476187
0.0
0.0034722222222222216
0.33379629629629615
0.013095238095238094
0.5072696208112872
0.0
0.0
0.16468253968253987
0.2830687830687836
0.003472222222222222
0.06580687830687831
0.12002314814814813
0.3322999338624338
0.5528411596119931
0.0
0.6571759259259253
0.21064814814814803
0.15476190476190452
0.003373015873015873
0.15195105820105828
0.0
0.0
0.02678571428571427
0.024181547619047616
0.1962301587301586
0.001984126984126985
0.0
0.6464258156966491
0.0
0.011243386243386243
0.01157407407407407
0.16140046296296284
0.013888888888888888
0.0
0.0
0.07447089947089948
0.0
0.43818893298059963
0.0046296296296296285
0.30333994708994666
0.1892526455026453
0.39738756613756615
0.0
0.04070767195767197
0.019179894179894172
0.03549382716049384
0.4284757295173958
0.45949074074074087
0.018518518518518507
0.3726851851851853
0.534722222222222
0.0
0.04305555555555556
0.0
0.005456349206349207
0.00972222222222222
0.10571263227513222
0.015046296296296295
0.27700066137566126
0.010761634199134201
0.017218314093314094
0.0124120670995671
0.05787037037037041
0.006944444444444443
0.0
0.4193948412698414
0.0
0.05562169312169315
0.26250826719576714
0.03333333333333335
0.011904761904761906
0.5284722222222222
0.03333333333333334
0.23809523809523783
0.021866732804232805
0.006558641975308643
0.012533068783068778
0.0
0.0
0.24239417989417966
0.0011574074074074071
0.04917328042328044
0.0
0.026256613756613742
0.493419312169312
0.0
0.001984126984126985
0.013888888888888883
0.01157407407407407
0.04983540764790764
0.3077711640211641
0.13530092592592574
0.0046296296296296285
0.026190476190476184
0.04610615079365082
0.0
0.028351972101972107
0.0
0.0
0.0
0.004629629629629632
0.061263851888851875
0.1014550264550264
0.01157407407407407
0.01233190035273369
0.04469246031746033
0.3437500000000001
0.0
0.0699074074074074
0.11894841269841264
0.020709325396825393
0.07527281746031743
0.3113425925925928
0.04144345238095239
0.04810555956389289
0.01697530864197531
0.024181547619047613
0.0
0.10757124819624814
0.05208333333333335
0.02232142857142856
0.0030175264550264553
0.04271384479717814
0.05567129629629633
0.24434523809523784
0.13690476190476178
0.026182208994708994
0.10818753006253007
0.01103670634920635
0.008333333333333331
0.0
0.198148148148148
0.0069444444444444475
0.2589010141093472
0.02052469135802469
0.008680555555555556
0.032572751322751316
0.0
0.2163194444444442
0.3840277777777777
0.008873456790123458
0.08715277777777775
0.0
0.23275462962962956
0.0
0.0
0.043118686868686834
0.004960317460317462
0.05036100088183421
0.009796626984126984
0.0
0.07703648589065254
0.0
0.21660052910052918
0.02378472222222222
0.06238425925925928
0.0023148148148148143
0.29491843033509696
0.4435185185185189
0.4510416666666665
0.40101761664261654
0.5359071869488534
0.03769841269841271
0.10821759259259262
0.17040343915343922
0.13735695246111898
0.54837962962963
0.6369047619047612
0.2645171957671957
0.15125661375661373
0.0602272727272727
0.4236111111111116
0.4166666666666662
0.0
0.21126818783068774
0.029141865079365076
0.7005208333333331
0.2748346560846559
0.0747023809523809
0.20982142857142852
0.03348214285714286
0.3490740740740742
0.025198412698412696
0.10853174603174591
0.04050925925925924
0.39444444444444354
0.016765873015873012
0.1586970899470899
0.29573412698412704
0.15426587301587283
0.008597883597883597
0.3360780423280423
0.3833333333333331
0.013624338624338622
0.05353009259259263
0.47880015432098766
0.0
0.3515873015873016
0.20775462962962965
0.0
0.2002314814814816
0.0
0.34444444444444466
0.06236772486772487
0.3622822971781308
0.0
0.018518518518518528
0.083994708994709
0.0
0.30340608465608443
0.16846891534391534
0.1869708994708995
0.20533234126984118
0.7102347883597872
0.638425925925925
0.053268298059964705
0.13090277777777756
0.026785714285714288
0.30726686507936524
0.42118055555555556
0.6275903880070546
0.004298941798941799
0.010830527497194169
0.07266865079365079
0.0
0.5187499999999999
0.48726851851851777
0.0013888888888888885
0.2173611111111109
0.43350418871252194
0.3113425925925925
0.3582341269841274
0.0439043209876543
0.007638888888888886
0.053935185185185204
0.4111111111111104
0.41965939153439147
0.014426256613756612
0.01782407407407407
0.399999999999999
0.005690586419753087
0.04567901234567898
0.040343915343915356
0.48531746031746054
