0.10649902818270161
0.2275510204081633
0.4834305150631679
0.0214103498542274
0.2272534013605442
0.32049319727891173
0.5463435374149657
0.005017006802721088
0.40459183673469407
0.45105280207321
0.3177842565597671
0.07346938775510194
0.011273080660835768
0.14908284742468406
0.47366375121477183
0.1102892997025649
0.22847424684159376
0.027897230320699715
0.007531584062196305
0.0065597667638483985
0.4059766763848397
0.03307215743440236
0.01102405247813411
0.3228761742792354
0.6922619047619042
0.0297315354713314
0.619077988338192
0.19715743440233227
0.45839407191448006
0.286807580174927
0.27610544217687105
0.3030045351473923
0.008746355685131196
0.017687074829931974
0.47621477162293485
0.0
0.336309523809524
0.18432337220602515
0.0027777777777777788
0.34455782312925204
0.16275510204081617
0.0
0.24408406219630702
0.47621477162293485
0.6716836734693874
0.12220602526724977
0.6602283770651125
0.2896015549076775
0.04253725299643668
0.03598760932944607
0.695153061224489
0.5090136054421769
0.12418610301263358
0.0
0.02631195335276968
0.0388321995464852
0.01591350826044703
0.2932397959183674
0.18787657920310977
0.24614512471655325
0.33720845481049555
0.1795128765792031
0.7204081632653059
0.0313714771622935
0.05789399092970521
0.005162779397473275
0.03727324263038552
0.3908406219630709
0.0033047309833024122
0.06814868804664714
0.728741496598639
0.24940476190476202
0.018373420796890184
0.13843537414965976
0.07313937479753804
0.4011783284742468
0.0006377551020408163
0.17082118561710374
0.14024538386783283
0.0
0.004008746355685132
0.685471331389699
0.027909378036929066
0.10558390022675722
0.008843537414965987
0.08588435374149656
0.34618561710398466
0.38519193391642365
0.0
0.002591512795594429
0.08513524457402
0.026694606413994185
0.03078231292517007
0.01639941690962099
0.44229834791059214
0.18688451571104622
0.07620869776482017
0.1762957563977973
0.1049056527372853
0.0
0.32284985422740525
0.10493197278911555
0.5059766763848393
0.45105280207321
0.08156179138321996
0.010493970315398884
0.022959183673469375
0.30765306122449
0.18802032717849052
0.1456632653061224
0.3995444606413999
0.03415532879818591
0.1359167476514412
0.0043731778425655995
0.3486799481697441
0.014382896015549073
0.47621477162293485
0.012925170068027209
0.19681729834791045
0.023979591836734693
0.21683673469387765
0.521865889212828
0.1034074344023321
0.15649902818270156
0.44524416909620995
0.01778628117913833
0.13095238095238101
0.020924441205053452
0.4616132167152581
0.0
0.22968901846452877
0.14619776482021374
0.0
0.0015873015873015873
0.036509961127308074
0.019322967282150962
0.5402696793002918
0.41674967606090096
0.015245383867832845
0.020310981535471326
0.10708211856171027
0.536260932944606
0.3735321509556203
0.20156558294313384
0.15825437317784236
0.44394841269841284
0.02204810495626822
0.5947825558794945
0.3949829931972789
0.4384718172983484
0.02692743764172336
0.0
0.00785552316164561
0.0
0.04580903790087465
0.002186588921282799
0.0007288629737609331
0.25500485908649195
0.3439767573696145
0.0
0.011621315192743766
0.07574064257737718
0.058655247813411054
0.37126457725947515
0.2760062358276647
0.5840986394557813
0.0326530612244898
0.3757288629737608
0.007968901846452867
0.45655369290573394
0.02816245545837384
0.06807580174927108
0.014212827988338186
0.021938775510204078
0.004421768707482992
0.0035714285714285704
0.0
0.028101716877227095
0.2823478958683044
0.14092565597667628
0.4703899416909621
0.1845521541950114
0.11631327855817651
0.058211856171039855
0.34285714285714286
0.36921768707482955
0.1560374149659863
0.5638969873663742
0.5312560738581147
0.03341836734693881
0.3569849368318757
0.4513848396501461
0.41434847748623266
0.5497955134434725
0.2486880466472311
0.5907434402332353
0.010787172011661808
0.48120140913508236
0.34173752834467114
0.4264674809317666
0.31195335276967934
0.0
0.44673226433430546
0.08989310009718167
0.3379494655004865
0.11393343051506313
0.0451530612244898
0.5536929057337232
0.1379980563654033
0.0
0.5902210884353731
0.10357142857142843
0.017492711370262388
0.4956470683511502
0.02729591836734695
0.6109086491739553
0.06360544217687068
0.5691326530612238
0.13890913508260452
0.0
0.0499514091350826
0.17691933916423716
0.0061224489795918356
0.0006377551020408163
0.3581632653061228
0.3426870748299325
0.31810212180110153
0.20969387755102056
0.4455782312925174
0.3404761904761901
0.10229591836734679
0.005739795918367347
0.47283163265306144
0.34634353741496565
0.019831146744412047
0.2612244897959188
0.3566326530612248
0.0
0.09400510204081619
0.041205053449951415
0.22864431486880465
0.06383624878522835
0.10264820213799801
0.5136621315192743
0.23086734693877528
0.7510932944606418
0.39277818270165216
0.3558977162293495
0.1448736637512148
0.0
0.6566326530612235
0.027575315840621964
0.02253603822481374
0.47866253644314866
0.29605199222546175
0.498214285714287
0.058211856171039855
0.10275753158406219
0.0316326530612245
0.012755102040816327
0.5379332685455136
0.24874271137026246
0.2587868480725621
0.11855563654033043
0.0031584062196307093
0.0
0.4221635082604474
0.04239552964042759
0.3166707159054098
0.27593537414965985
0.08821671525753161
0.45688775510204066
0.0
0.3539844509232263
0.011139455782312922
0.0
0.5047376093294457
0.4646197764820219
0.27051141885325514
0.19993926141885307
0.13385163589245236
0.48404397473274985
0.7126255264010359
0.19404761904761908
0.11576773566569494
0.17209669582118586
0.0
0.22661564625850325
0.0006377551020408163
0.3832908163265311
0.04274376417233556
0.003826530612244898
0.004646501457725948
0.0
0.3357021379980561
0.6027210884353739
0.021319241982507287
0.0044703595724003885
0.0
0.0
0.024700356333009404
0.5583090379008744
0.0
0.41003401360544256
0.39098639455782375
0.39169298671849767
0.21683673469387743
0.43304178814382954
0.4916666666666677
0.41428571428571465
0.20918367346938788
0.06632653061224487
0.37009839650145787
0.007227891156462586
0.0
0.01157069970845481
0.08075194363459662
0.02101554907677356
0.40957240038872667
0.39540816326530626
0.3482203595724006
0.39872448979591885
0.04332685455134436
0.0
0.005102040816326529
0.37957361516034954
0.004312439261418854
0.01624757045675413
0.5944727891156453
0.5713070942662776
0.3692176870748301
0.0
0.004591836734693877
0.494302721088436
0.5217747813411076
0.0017006802721088433
0.5167942176870746
0.3818877551020406
0.056377551020408166
0.009313249109167478
0.370323129251701
0.009870019436345964
0.3655855199222548
0.26479591836734717
0.018555636540330416
0.39557823129251685
0.08594509232264333
0.3247064301911243
0.30338921282798814
0.018112244897959182
0.0752733236151603
0.0
0.03741496598639456
0.23112244897959178
0.6127551020408145
0.0029154518950437326
0.24765549076773574
0.047376093294460644
0.001020408163265306
0.009643630179344465
0.0034013605442176874
0.06930879494655004
0.5217444120505349
0.3182094266277938
0.6037414965986406
0.006254049238743117
0.14669784580498843
0.12314342403628108
0.021926627793974727
0.0
0.5270408163265308
0.24207361516034967
0.4812925170068024
0.13653830579850976
0.05393586005830903
0.7210884353741499
0.006802721088435373
0.3418367346938778
0.210762876579203
0.25364431486880473
0.47891156462585033
0.006053611920958861
0.42338435374149735
0.12704081632653044
0.011961451247165538
0.3125850340136058
0.0163265306122449
0.25364431486880473
0.022108843537414956
0.008715986394557822
0.31615646258503416
0.25364431486880473
0.0
0.05685131195335273
0.04568756073858114
0.0488095238095238
0.0
0.0
0.009037900874635569
0.003279883381924198
0.0
0.007628765792031096
0.0
0.0
0.29931770327178475
0.0
0.46930272108843496
0.0006377551020408163
0.002551020408163265
0.27704081632653116
0.02219387755102041
0.6537414965986396
0.2992346938775511
0.0
0.18947602850664072
0.19184888241010697
0.012633624878522837
0.023457240038872694
0.4781462585034018
0.45705782312925153
0.043211451247165536
0.23945578231292533
0.20756802721088455
0.18023566569484933
0.0029761904761904765
0.039024538386783277
0.6245950761256879
0.0
0.18870869776482022
0.19772837706511176
0.021987366375121477
0.008149092970521542
0.3160673793326856
0.6453109815354714
0.17874149659863944
0.0498299319727891
0.004870129870129871
0.026724975704567545
0.00391156462585034
0.7168367346938767
0.005454324586977648
0.005052345613570103
0.0
0.0238095238095238
0.24233479105928096
0.10827057013281484
0.0
0.12289844509232269
0.2288386783284743
0.12395934564301919
0.2952380952380948
0.020833333333333336
0.0769557823129252
0.26381802721088443
0.22576530612244902
0.7222930839002254
0.5189301911240686
0.17738095238095253
0.3383746355685134
0.2525510204081633
0.1906462585034014
0.014334673263244696
0.0012755102040816326
0.0
0.4108843537414988
0.316885325558795
0.5768221574344019
0.0
0.0
0.047789115646258484
0.0
0.011904761904761899
0.016320456754130224
0.0
0.0008503401360544216
0.003741496598639455
0.0006377551020408163
0.0
0.20976676384839624
0.0
0.002040816326530612
0.1662414965986392
0.091522918691286
0.091522918691286
0.04519171304885588
0.2796930677032719
0.003644314868804666
0.004081632653061224
0.11739755425979907
0.029801844980416388
0.0017148526077097508
0.002178674500103072
0.1964224975704568
0.019345238095238096
0.004887431162941368
0.0013914656771799633
0.6155612244897957
0.5492832847424679
0.029591836734693885
0.08084746885767287
0.0
0.0
0.026797862001943635
0.026724975704567545
0.050807823129251695
0.014941690962099118
0.005466472303206998
0.06802721088435375
0.04387755102040816
0.0
0.3470845481049562
0.009013605442176869
0.0
0.0
0.001913265306122449
0.16013119533527706
0.027040816326530617
0.005821559392987966
0.0
0.07286697146391038
0.012967687074829934
0.0
0.0
0.0
0.036710398445092336
0.00199443413729128
0.020529640427599603
0.007608519598315517
0.5245383867832856
0.07073007774538385
0.02733236151603499
0.08689537503313005
0.012117346938775513
0.7899659863945583
0.006316812439261419
0.1534256559766765
0.0053206997084548095
0.0025510204081632647
0.3639455782312924
0.01149173955296404
0.4827097505668934
0.0
0.004980563654033041
0.1649659863945582
0.27806122448979637
0.002551020408163265
0.056924198250728836
0.1451895043731778
0.34546282798833816
0.5361597019760286
0.0
0.6241496598639452
0.19625850340136053
0.1530612244897956
0.003753644314868805
0.14249271137026245
0.0
0.0
0.03255587949465502
0.024781341107871724
0.19104713313897012
0.004616132167152576
0.0
0.6313269355361193
0.0
0.010131195335276967
0.010204081632653057
0.15427397149335906
0.011661807580174927
0.0
0.0
0.07086977648202136
0.0008503401360544216
0.4404255749919016
0.008163265306122446
0.2947845804988658
0.1952137998056365
0.4029397473275023
0.0
0.034159378036929075
0.020578231292517003
0.04251700680272108
0.41832225314368204
0.4282069970845484
0.017006802721088426
0.3497448979591838
0.5336188046647229
0.0
0.04897959183673469
0.0008503401360544216
0.004008746355685132
0.008600583090379008
0.09249878522837698
0.012512147716229348
0.24585762876579187
0.012196859263185797
0.013287945048149131
0.011852305857407895
0.06229348882410103
0.005102040816326529
0.0061224489795918356
0.41162536443148723
0.000510204081632653
0.05732507288629733
0.25252065111758987
0.030612244897959197
0.010932944606413994
0.5032312925170069
0.029081632653061233
0.22448979591836768
0.01808997408487204
0.006094104308390024
0.011807580174927107
0.0
0.0
0.24555393586005847
0.004251700680272108
0.05315840621963069
0.0
0.022570456754130216
0.4881438289601559
0.0
0.0014577259475218663
0.012512147716229343
0.019132653061224487
0.041295056983832484
0.3189565111758992
0.11522108843537396
0.005442176870748298
0.034475218658892144
0.04918002915451896
0.0
0.030151551962776458
0.0
0.0
0.0
0.004535147392290251
0.05148805276356295
0.08921282798833813
0.01496598639455782
0.011064544865565275
0.03956511175898933
0.2636054421768709
0.0
0.05869776482021377
0.10584305150631684
0.01876822157434402
0.0653850826044703
0.33503401360544244
0.05453109815354713
0.0456341844096946
0.016318432134758667
0.023232507288629734
0.0
0.10039351238330822
0.05918367346938773
0.021865889212827984
0.0022169582118561713
0.04254737609329447
0.04695092322643343
0.2261661807580174
0.13548752834467098
0.02263726919339164
0.11270135759931672
0.011388483965014578
0.0061224489795918356
0.0
0.2043367346938776
0.005102040816326533
0.2694484936831877
0.01781260123096858
0.006377551020408163
0.03134110787172013
0.0
0.21420068027210915
0.38843537414965995
0.007723922902494332
0.09022108843537406
0.0007288629737609331
0.23171768707482981
0.0
0.0
0.038079777365491604
0.0043731778425655995
0.04964771622934887
0.007197521865889212
0.0
0.07371639131843209
0.0
0.22230320699708458
0.037003968253968254
0.04991496598639457
0.007653061224489794
0.3093091998704244
0.4371598639455785
0.4298469387755108
0.41155247813411056
0.5407960803368964
0.03231292517006805
0.10586734693877542
0.16901117589893114
0.1394217318962215
0.5647959183673484
0.6337463556851302
0.2311892614188532
0.16297376093294463
0.05106679035250462
0.4194606413994175
0.41428571428571465
0.0
0.21404275996112737
0.021410349854227403
0.6615949951409134
0.2888241010689991
0.07193877551020399
0.20344387755102014
0.027332361516034992
0.2952866861030129
0.02482993197278912
0.10928085519922247
0.04166666666666666
0.3952380952380954
0.015476190476190472
0.12679786200194362
0.29637998056365406
0.1540026724975702
0.011540330417881436
0.3351433430515064
0.3809523809523807
0.01256073858114674
0.04017857142857145
0.5034904437965663
0.0
0.35850340136054426
0.21292517006802714
0.0011337868480725628
0.17891156462585056
0.0
0.29523809523809547
0.06200194363459668
0.3607831227729188
0.0
0.01587301587301588
0.08980199222546166
0.0
0.3078231292517005
0.14661078717201173
0.17874149659863947
0.20491375121477165
0.7021076287657907
0.6202380952380939
0.04389779721412372
0.14753401360544188
0.020954810495626825
0.2648627308066085
0.39081632653061227
0.6103518788467768
0.004616132167152576
0.00916177076891363
0.057762390670553915
0.0
0.536224489795919
0.5062925170068031
0.001020408163265306
0.22891156462585024
0.3893727729186913
0.31988986070618713
0.356365403304179
0.03990929705215417
0.00748299319727891
0.06607142857142852
0.40952380952380973
0.43892128279883424
0.010598882410106899
0.03112244897959184
0.4000000000000002
0.004818594104308391
0.045521541950113334
0.052478134110787174
0.48750000000000004
