0.0
0.24625
0.33507440476190486
0.01770833333333333
0.1748333333333335
0.36045833333333405
0.5331250000000012
0.0
0.36600000000000144
0.6079107142857129
0.20208333333333364
0.08495833333333329
0.0
0.20459821428571456
0.7172321428571444
0.03741071428571424
0.44959523809523944
0.03149999999999998
0.0
0.08250000000000006
0.5477619047619051
0.0
0.0
0.373458333333333
0.6343749999999978
0.0
0.5284672619047616
0.42560714285714263
0.24580952380952456
0.08063690476190478
0.4137500000000005
0.13815476190476203
0.022023809523809536
0.16937500000000016
0.6478869047619065
0.0014999999999999996
0.37743055555555616
0.2668363095238101
0.0025694444444444454
0.31479166666666764
0.20205952380952383
0.006
0.4533154761904775
0.6478869047619065
0.600749999999999
0.045428571428571395
0.3915773809523808
0.6157380952380962
0.13912698412698454
0.018363095238095237
0.6342499999999978
0.5797976190476185
0.06313392857142848
0.0
0.10953571428571428
0.42820833333333347
0.10737500000000028
0.4963333333333344
0.3527678571428573
0.389624999999999
0.48312671356421405
0.2748700396825403
0.6367916666666654
0.024833333333333343
0.16522023809523806
0.04849702380952379
0.003214285714285715
0.44958928571428586
0.004166666666666665
0.0
0.6832857142857138
0.37157142857142916
0.0
0.544958333333334
0.23555952380952405
0.4972767857142849
0.0017857142857142863
0.13373214285714285
0.1597797619047623
0.0
0.0
0.2802261904761909
0.09342757936507941
0.00609027777777778
0.0020833333333333333
0.3089375000000006
0.40208333333333357
0.4626071428571428
0.025982142857142856
0.7051190476190493
0.0
0.005714285714285712
0.20562202380952385
0.03499999999999997
0.5851666666666646
0.26376686507936536
0.10899999999999994
0.28148926767676724
0.076438492063492
0.0
0.4623809523809525
0.008869047619047617
0.48098809523809544
0.6079107142857121
0.25401388888888987
0.06057142857142862
0.2192916666666676
0.3066666666666673
0.2216517857142857
0.3015000000000002
0.4552500000000025
0.01702380952380954
0.03764880952380952
0.0
0.34251361832611765
0.08958333333333346
0.6478869047619065
0.07650000000000008
0.5584999999999998
0.17216666666666705
0.12837500000000004
0.1895476190476193
0.398
0.28408333333333335
0.5654027777777779
0.03982142857142852
0.0969226190476191
0.0007738095238095238
0.4561249999999999
0.1578809523809517
0.24500000000000027
0.051071428571428566
0.0
0.01610119047619046
0.029206349206349194
0.018571428571428582
0.42443452380952307
0.5851190476190488
0.006304563492063493
0.18520833333333314
0.2616101190476192
0.5209166666666668
0.27740178571428603
0.15877976190476267
0.20232539682539755
0.2513740079365083
0.0
0.6400952380952374
0.04570833333333332
0.38430952380952377
0.14030059523809485
0.007607142857142855
0.03422619047619044
0.0
0.0
0.013035714285714288
0.016279761904761908
0.3628035714285712
0.4677083333333332
0.0
0.019642857142857153
0.09504653679653696
0.0
0.5444196428571427
0.3329573412698414
0.5018690476190475
0.0
0.4871666666666668
0.002999999999999999
0.5135059523809516
0.010198412698412698
0.1988035714285712
0.003499999999999999
0.014523809523809526
0.012488095238095236
0.0
0.0
0.009583333333333329
0.17631845238095267
0.4786666666666672
0.47263392857142705
0.1429325396825404
0.07934523809523798
0.1859821428571431
0.29070833333333373
0.37358333333333316
0.3631250000000004
0.3903313492063491
0.5486428571428548
0.04080357142857138
0.33262500000000045
0.5461190476190464
0.19936904761904764
0.48600694444444703
0.07137499999999992
0.6469999999999995
0.0004999999999999999
0.29930952380952414
0.2927232142857145
0.405808531746032
0.30433333333333334
0.0
0.13102777777777833
0.00575
0.2148630952380961
0.011589285714285713
0.17958333333333334
0.6291785714285701
0.1508472222222228
0.0
0.6384166666666652
0.01152083333333333
0.0
0.7128333333333362
0.013958333333333335
0.6162797619047611
0.3733333333333339
0.4304910714285704
0.1660000000000001
0.02190476190476192
0.023000000000000003
0.2240714285714292
0.0
0.009833333333333328
0.17983333333333376
0.3317499999999997
0.24236408730158715
0.25677380952381
0.274499007936508
0.26250000000000034
0.0
0.22125000000000014
0.5169880952380937
0.04512499999999996
0.0
0.16695833333333343
0.37683333333333335
0.0
0.4050446428571435
0.009928571428571427
0.31379166666666786
0.47333333333333355
0.18333630952380975
0.39564980158730195
0.0
0.6092500000000001
0.25164285714285783
0.001875
0.349794642857143
0.016666666666666663
0.6235833333333328
0.007380952380952381
0.02251488095238097
0.618624999999997
0.16684523809523832
0.4767083333333325
0.1859821428571431
0.13077380952380982
0.2549999999999998
0.3893750000000002
0.4239999999999988
0.31394047619047644
0.35060119047619087
0.07783333333333343
0.036999999999999963
0.0016666666666666663
0.7532291666666658
0.47637500000000016
0.3897271825396826
0.3215416666666671
0.2526666666666674
0.519232142857141
0.0
0.0
0.016339285714285712
0.0
0.6149107142857158
0.3209623015873026
0.22551190476190566
0.21117857142857194
0.1299960317460323
0.45635317460317537
0.678488095238098
0.3806845238095233
0.41830059523809465
0.017500000000000005
0.0
0.03875000000000001
0.0
0.5473571428571413
0.004285714285714286
0.0
0.000625
0.0021428571428571434
0.44568551587301625
0.49954166666666633
0.07788690476190477
0.0004166666666666666
0.0
0.013625000000000005
0.021800595238095254
0.4334166666666679
0.002777777777777779
0.45020833333333365
0.37112500000000054
0.40118849206349144
0.19309523809523843
0.21679166666666755
0.48170833333333385
0.4209166666666673
0.4889583333333338
0.029999999999999985
0.09029166666666662
0.0
0.0
0.021363636363636362
0.018869047619047622
0.013894841269841274
0.14388690476190497
0.48400000000000054
0.3370654761904774
0.4355833333333337
0.0070833333333333295
0.0
0.002648809523809524
0.4507619047619044
0.0
0.16523015873015912
0.4806904761904761
0.7528571428571454
0.4899583333333338
0.010666666666666665
0.036041666666666666
0.2601250000000006
0.48003571428571457
0.0
0.5033988095238082
0.11100000000000015
0.24108333333333343
0.0023958333333333336
0.3558333333333333
0.00583333333333333
0.35888293650793623
0.15833333333333358
0.005666666666666666
0.33125000000000004
0.32904166666666695
0.45438690476190446
0.5135833333333342
0.08499999999999996
0.4137083333333335
0.0
0.005416666666666668
0.034375
0.33379166666666715
0.0
0.0020833333333333333
0.04529761904761902
0.1543750000000005
0.022534722222222213
0.0
0.018136904761904778
0.3399255952380956
0.2912916666666674
0.3906666666666671
0.0
0.17219047619047675
0.13215873015873084
0.0
0.010912698412698414
0.4804583333333341
0.017976190476190493
0.18250000000000002
0.06814880952380953
0.7586785714285728
0.6538333333333329
0.08612500000000006
0.4987261904761906
0.4113849206349212
0.12433035714285723
0.45189285714285604
0.0014999999999999996
0.023279761904761907
0.7222857142857145
0.005555555555555555
0.44550000000000023
0.07005952380952371
0.12433035714285723
0.012157738095238098
0.006215277777777778
0.42725892857142866
0.12433035714285723
0.0
0.002083333333333333
0.0004166666666666666
0.0024999999999999996
0.0
0.0
0.009750000000000002
0.0
0.0
0.0
0.0
0.0
0.5504166666666663
0.0020089285714285717
0.5120535714285708
0.062166666666666634
0.0
0.14435714285714263
0.0
0.4919166666666661
0.4118898809523816
0.008125
0.42893750000000047
0.209
0.07352678571428566
0.0085
0.5125000000000002
0.3562500000000005
0.00901785714285714
0.45469642857142817
0.19466666666666793
0.0038690476190476174
0.02125
0.0
0.7199404761904791
0.0
0.010238095238095235
0.05541666666666665
0.07345238095238087
0.012068452380952383
0.19980158730158756
0.541124999999999
0.19525000000000026
0.21541666666666778
0.12921825396825434
0.3494523809523811
0.0
0.5725595238095236
0.0014999999999999996
0.3194523809523809
0.0
0.0
0.3213630952380963
0.26122619047619106
0.10059523809523814
0.19761904761904833
0.18188095238095273
0.0
0.006666666666666665
0.06262499999999996
0.06125
0.2841666666666658
0.25812500000000044
0.7744642857142842
0.46334126984126994
0.4550833333333312
0.2112916666666667
0.4571319444444443
0.0387797619047619
0.012996031746031748
0.08599999999999994
0.0
0.1520000000000007
0.23949404761904763
0.5041825396825401
0.0
0.0
0.0
0.0
0.014440476190476191
0.0
0.0
0.016130952380952388
0.0
0.0
0.0
0.35643750000000063
0.00909090909090909
0.0
0.4646250000000006
0.010916666666666665
0.010916666666666665
0.00964285714285714
0.20720833333333444
0.0
0.07791666666666652
0.08889880952380964
0.002388888888888889
0.05053571428571429
0.0
0.06775297619047617
0.0
0.0
0.0
0.4803749999999997
0.5080416666666663
0.09124999999999994
0.061726190476190504
0.0034057539682539684
0.0
0.0
0.004613095238095237
0.0
0.0009999999999999998
0.0032738095238095243
0.044625
0.01425
0.012875000000000004
0.5455833333333328
0.0
0.0
0.0072499999999999995
0.002999999999999999
0.009273809523809518
0.0008333333333333334
0.0
0.010375000000000002
0.0
0.0007142857142857145
0.0
0.000625
0.0
0.1452083333333337
0.0024999999999999996
0.005357142857142857
0.0
0.47923214285714194
0.0004166666666666666
0.016000000000000007
0.0
0.0019642857142857144
0.7305476190476209
0.0
0.07577380952380935
0.017500000000000005
0.0
0.4895416666666672
0.025000000000000005
0.12529761904761885
0.0
0.0
0.05285714285714284
0.01071428571428571
0.0
0.0
0.039583333333333276
0.16136904761904758
0.5532619047619052
0.0
0.6533750000000014
0.02050000000000001
0.31009523809523865
0.0014999999999999996
0.4205535714285699
0.0021428571428571434
0.004722222222222224
0.002500000000000001
0.17091666666666655
0.2504166666666669
0.0
0.0
0.5036160714285711
0.002999999999999999
0.0
0.4728749999999999
0.12261904761904775
0.001607142857142857
0.003999999999999999
0.0
0.22150000000000092
0.0
0.5280357142857143
0.046857142857142806
0.3570833333333335
0.061
0.26002380952381005
0.0
0.04598214285714282
0.013523809523809523
0.005357142857142857
0.3253869047619067
0.38820833333333227
0.0
0.272154761904762
0.48446428571428546
0.00338095238095238
0.0
0.14025
0.002500000000000001
0.004999999999999999
0.06642857142857134
0.04499999999999997
0.3540000000000004
0.0008333333333333332
0.061294642857142846
0.0
0.0
0.0
0.0
0.4368640873015874
0.0
0.02048809523809525
0.12501190476190469
0.0009999999999999998
0.0
0.4193333333333335
0.0
0.3296428571428575
0.012619047619047618
0.027107142857142844
0.008333333333333328
0.0
0.005624999999999999
0.14285714285714313
0.0
0.013000000000000005
0.012648809523809524
0.02566666666666665
0.5575833333333327
0.038452380952380905
0.0
0.0
0.006428571428571428
0.0
0.3092083333333337
0.37507738095238147
0.06047619047619047
0.0
0.014002976190476196
0.15892857142857145
0.005833333333333336
0.01
0.003973214285714286
0.022291666666666675
0.010109126984126986
0.019580752580752543
0.04308333333333329
0.058229166666666686
0.012053571428571433
0.003
0.050625
0.0
0.03916666666666661
0.32833333333333314
0.02091765873015872
0.007249999999999999
0.37520833333333364
0.03403273809523809
0.0
0.012068452380952386
0.013869047619047625
0.16500000000000004
0.06999999999999991
0.2537499999999999
0.002375
0.05183035714285713
0.01571924603174603
0.003571428571428572
0.40945833333333503
0.20100000000000018
0.0
0.057604166666666574
0.0
0.0
0.024521825396825396
0.056041666666666635
0.0012499999999999998
0.3199464285714284
0.00889583333333333
0.004083333333333333
0.035119047619047584
0.021839285714285724
0.04185515873015871
0.44750000000000045
0.0015476190476190477
0.1932976190476192
0.007327380952380953
0.3714166666666673
0.0
0.003348214285714286
0.017191919191919182
0.0017499999999999996
0.03442361111111108
0.01083333333333333
0.0
0.09597916666666712
0.0004999999999999999
0.5950476190476186
0.007916666666666666
0.36729166666666724
0.0
0.3732023809523809
0.3570535714285705
0.4093333333333314
0.3138379329004336
0.6537500000000016
0.03370833333333333
0.43387500000000045
0.07258928571428568
0.24625496031746041
0.3762499999999986
0.4028224206349203
0.09827380952380955
0.1330386904761909
0.009345959595959599
0.4236011904761893
0.4081250000000001
0.022083333333333333
0.23143551587301606
0.004642857142857143
0.5930895562770546
0.3154583333333339
0.09760119047619037
0.19670238095238107
0.0
0.37187500000000123
0.3981250000000017
0.19066666666666698
0.0427539682539682
0.4396250000000015
0.015416666666666672
0.004999999999999999
0.4298333333333336
0.1140178571428576
0.0
0.2149156746031749
0.39283333333333587
0.09589285714285702
0.004642857142857143
0.5520337301587309
0.0
0.4689583333333335
0.254166666666668
0.0002777777777777779
0.1782033730158736
0.00035714285714285725
0.377071428571428
0.06641369047619039
0.49993235930736135
0.0
0.004523809523809524
0.22976884920634977
0.0
0.3778303571428562
0.13354265873015914
0.010119047619047618
0.029419642857142807
0.5789315476190477
0.5110476190476186
0.05964285714285702
0.20833333333333384
0.03830230880230876
0.36998214285714176
0.18908333333333416
0.588055555555556
0.005166666666666665
0.013930555555555548
0.025652777777777788
0.0002777777777777779
0.5550833333333322
0.47187500000000043
0.0
0.33200000000000146
0.36955357142857165
0.3547767857142864
0.3827678571428563
0.003916666666666666
0.0
0.0243422619047619
0.40370833333333406
0.34337436868687
0.23423214285714322
0.0004999999999999999
0.4383333333333344
0.1103611111111113
0.007416666666666667
0.12094246031746052
0.5022499999999972
