0.0
0.23214285714285718
0.3493986880466474
0.0
0.14931972789115647
0.39438775510204144
0.5871598639455787
0.0
0.3821428571428572
0.6316407515387114
0.23801020408163268
0.09540816326530624
0.0
0.21786929057337226
0.7430758017492708
0.021734288953676715
0.4534256559766767
0.03668610301263364
0.0
0.07106413994169089
0.5484572400388728
0.0
0.0
0.40051020408163257
0.6734693877551005
0.0
0.590986394557823
0.4039115646258504
0.3052478134110785
0.07602040816326526
0.42602040816326503
0.05478620019436348
0.027696793002915464
0.18112244897959184
0.7062682215743428
0.0030612244897959178
0.4227708940719144
0.3211248785228379
0.0046768707482993215
0.3563775510204083
0.17621477162293497
0.007482993197278909
0.47674927113702625
0.7062682215743428
0.6505102040816316
0.026239067055393583
0.41423712342079705
0.6994169096209912
0.17795391966310325
0.025996112730806608
0.6326530612244889
0.6755587949465492
0.05535106899902815
0.0
0.11423712342079677
0.4807823129251702
0.09489795918367344
0.4950680272108848
0.4333090379008756
0.42125850340136073
0.4770485466914039
0.29658649173955315
0.6979591836734679
0.014285714285714285
0.11640549076773556
0.05767128279883382
0.0043731778425655995
0.45790816326530603
0.0
0.0
0.7277939747327498
0.45466472303207056
0.0
0.5642006802721089
0.2514273566569485
0.5654822643343052
0.0029154518950437326
0.18083090379008745
0.15705782312925148
0.0
0.0
0.31415208940719147
0.10201044703595724
0.0
0.004251700680272109
0.325619533527697
0.43163265306122484
0.41324101068999025
0.009475218658892129
0.7137998056365401
0.0
0.0108114674441205
0.25115403304178807
0.042274052478134136
0.6215986394557832
0.29707240038872695
0.11045918367346931
0.3019609358895073
0.04043164885001619
0.0
0.5034013605442175
0.018100097181729828
0.47076044703595704
0.6316407515387112
0.24498299319727873
0.0730077745383867
0.2617346938775514
0.3210034013605445
0.19788629737609348
0.28758503401360563
0.5071428571428575
0.03255587949465503
0.04193999028182703
0.0
0.3444380024737166
0.07857142857142846
0.7062682215743428
0.10102040816326541
0.6209183673469386
0.2071428571428571
0.1385204081632652
0.19893100097181754
0.4249149659863952
0.26188046647230345
0.6154539196631028
0.031584062196307106
0.12135568513119524
0.0007288629737609331
0.507142857142857
0.15962099125364457
0.24285714285714327
0.060228377065111735
0.0
0.02705903790087462
0.0404518950437318
0.012026239067055394
0.4789115646258504
0.5900753158406216
0.005193148688046647
0.20705782312925167
0.28561305474570786
0.5590136054421762
0.27305194805194827
0.18029235503725294
0.23835034013605438
0.2580174927113704
0.0
0.6705782312925169
0.010459183673469387
0.46907191448007785
0.172750647878199
0.012803692905733723
0.03206997084548106
0.0
0.0
0.017917881438289596
0.018683187560738574
0.4036686103012639
0.48554421768707506
0.0
0.012755102040816327
0.13248004829637466
0.0
0.6019497084548106
0.32178287981859394
0.5519922254616135
0.0
0.5695153061224485
0.0061224489795918356
0.5242711370262391
0.01634880142533204
0.19098639455782312
0.007142857142857141
0.016885325558794937
0.0
0.0
0.0
0.016399416909620986
0.18806689342403612
0.4887755102040818
0.47346938775510244
0.13545918367346924
0.09098639455782304
0.18561710398445092
0.41666666666666696
0.385813492063492
0.4238945578231293
0.3860301263362483
0.5815111758989316
0.05120262390670552
0.3945578231292516
0.537998056365403
0.11022837706511178
0.4970238095238092
0.08826530612244887
0.6586734693877531
0.0
0.2441265792031098
0.3760629251700682
0.40544015225137753
0.3205053449951411
0.0
0.13934240362811795
0.010714285714285713
0.24042759961127336
0.0097424684159378
0.1971088435374149
0.685374149659864
0.13698979591836719
0.0
0.6551020408163264
0.006377551020408163
0.0
0.7999999999999994
0.011904761904761906
0.7442905733722047
0.361989795918368
0.45480442176870756
0.24455782312925187
0.019922254616132163
0.0239795918367347
0.27480563654033036
0.0
0.0
0.2404761904761906
0.29413265306122494
0.26516439909297046
0.2760872206025266
0.3138463718820863
0.24285714285714297
0.0
0.20076530612244892
0.5188775510204084
0.01454081632653061
0.0
0.2098639455782312
0.43231292517006825
0.0
0.427690719144801
0.01676384839650145
0.2818027210884355
0.5535714285714286
0.14048833819241974
0.3843841107871721
0.0
0.6352040816326521
0.24303935860058323
0.0012755102040816326
0.4105017006802723
0.027210884353741496
0.6510204081632645
0.010726433430515062
0.023657677356656952
0.6007653061224469
0.16714042759961117
0.5908163265306124
0.18561710398445092
0.14030612244897944
0.3856292517006802
0.4638605442176866
0.4914115646258506
0.28905490767735664
0.35604956268221644
0.06802721088435366
0.052478134110787174
0.0017006802721088433
0.856009070294784
0.5201530612244898
0.3959851797862001
0.33537414965986423
0.22933673469387764
0.5754373177842577
0.0
0.0
0.002308066083576288
0.0
0.6985847910592806
0.3218436183997407
0.2144314868804666
0.22382167152575314
0.13288386783284728
0.5903081470683511
0.7807337220602522
0.3965115808228048
0.4056122448979595
0.0
0.0
0.017857142857142856
0.0
0.5876093294460631
0.0065597667638483985
0.0
0.0012755102040816326
0.0
0.4693938289601555
0.5202380952380948
0.08527696793002912
0.0008503401360544216
0.0
0.007397959183673468
0.01403061224489796
0.415476190476191
0.0034013605442176887
0.47142857142857175
0.37312925170067895
0.4431081956592161
0.17458697764820244
0.20586734693877556
0.4516156462585038
0.41360544217687095
0.4872448979591833
0.028061224489795932
0.12576530612244882
0.0
0.0
0.02597402597402596
0.02803085519922255
0.021724165856818932
0.18926141885325548
0.47227891156462615
0.3556345157110469
0.4064625850340135
0.009353741496598636
0.0
0.004271946873987692
0.4265913508260448
0.0
0.17214933592484602
0.4852405247813415
0.8204567541302238
0.5265306122448978
0.0173469387755102
0.047619047619047616
0.2625000000000002
0.4694383705863294
0.0
0.5086248785228367
0.09234693877551016
0.2528061224489797
0.004379251700680272
0.3773809523809525
0.011904761904761899
0.3677721088435376
0.18333333333333335
0.005612244897959182
0.30357142857142855
0.43010204081632675
0.46316205053449977
0.6043367346938778
0.12499999999999994
0.5233843537414968
0.0
0.005952380952380953
0.001020408163265306
0.41700680272108925
0.0
0.0
0.04171525753158406
0.16930272108843528
0.02345521541950114
0.0
0.020310981535471326
0.3377004373177838
0.3247448979591839
0.4625000000000003
0.0
0.16707159054097806
0.1309361839974083
0.0
0.0
0.47576530612244944
0.02441690962099126
0.3367346938775511
0.04112001943634595
0.8350340136054427
0.6802721088435368
0.10099206349206333
0.5450680272108848
0.4206166990605764
0.0838192419825073
0.45048590864917437
0.0
0.023056365403304174
0.7738095238095232
0.007146906381600259
0.44149659863945495
0.0830903790087463
0.0838192419825073
0.01907191448007774
0.011226514415289926
0.49426830255911863
0.0838192419825073
0.0
0.0034013605442176865
0.0
0.0
0.0
0.0
0.01454081632653061
0.0
0.0
0.0
0.0
0.0
0.58171768707483
0.003462099125364432
0.598627308066084
0.059183673469387715
0.0
0.1452380952380954
0.0
0.5841836734693872
0.47026846452866883
0.007142857142857141
0.4473214285714287
0.2683673469387758
0.0861880466472303
0.011224489795918363
0.5586734693877551
0.3852040816326529
0.012208454810495626
0.4964245221898281
0.20272108843537423
0.005344995140913507
0.0
0.0
0.7653061224489788
0.0
0.019193391642371226
0.10714285714285712
0.11588921282798821
0.01311953352769679
0.19472789115646258
0.5977040816326522
0.20289115646258482
0.2142857142857145
0.12386621315192728
0.3500000000000001
0.0
0.5903790087463554
0.002040816326530612
0.3160835762876583
0.0
0.0
0.3759475218658895
0.26598639455782297
0.10053449951409127
0.2087949465500486
0.19302721088435382
0.0
0.010689990281827015
0.0
0.08418367346938775
0.27891156462585054
0.25229591836734716
0.7850562844185283
0.48439018464528666
0.5683916423712344
0.21726190476190463
0.479719387755102
0.028838678328474258
0.01957806932296728
0.10892857142857137
0.0
0.14965986394557812
0.2950680272108843
0.501295756397797
0.0
0.0
0.0
0.0
0.023688046647230315
0.0
0.0
0.007653061224489796
0.0
0.0
0.0
0.39552964042760014
0.013636363636363634
0.0
0.4956632653061228
0.0
0.0
0.014577259475218656
0.2040816326530614
0.0
0.10816326530612229
0.10544217687074821
0.003231292517006803
0.020165208940719142
0.0
0.07018343051506316
0.0
0.0
0.0
0.5149659863945574
0.5285714285714278
0.12142857142857129
0.09013605442176865
0.006221655328798186
0.0
0.0
0.007318999028182701
0.0
0.001020408163265306
0.006681243926141886
0.04591836734693878
0.002551020408163265
0.012755102040816327
0.6036443148688047
0.0
0.0
0.002040816326530612
0.0042517006802721075
0.006851311953352768
0.0017006802721088437
0.0
0.00986394557823129
0.0
0.0014577259475218663
0.0
0.0
0.0
0.1866496598639455
0.0
0.01020408163265306
0.0
0.5066326530612243
0.0
0.028571428571428584
0.0
0.0007288629737609331
0.7568027210884352
0.0
0.09280855199222533
0.022448979591836737
0.0
0.5095238095238096
0.03692905733722064
0.14370748299319738
0.0
0.0
0.06110301263362485
0.010204081632653057
0.0
0.0
0.03418367346938776
0.12769679300291542
0.5143586005830901
0.0
0.7122448979591829
0.03137755102040818
0.3649659863945584
0.0030612244897959178
0.45748299319727936
0.0021865889212827998
0.0
0.003644314868804666
0.16632653061224523
0.2838435374149656
0.0
0.0
0.51044703595724
0.0025510204081632647
0.0
0.5033163265306121
0.13411078717201141
0.003279883381924198
0.008163265306122448
0.0
0.2780612244897967
0.0
0.47108843537414985
0.021064139941690957
0.3421768707482997
0.07193877551020399
0.3733053935860061
0.0
0.06632653061224485
0.0216472303206997
0.008746355685131196
0.32580174927113686
0.45233236151603584
0.0
0.2835884353741497
0.5058309037900875
0.005199222546161321
0.0
0.13333333333333328
0.003644314868804666
0.008163265306122448
0.12244897959183661
0.06997084548104952
0.45892857142857174
0.0
0.08940719144800777
0.0
0.0
0.0
0.0
0.4588496112730807
0.0
0.021003401360544224
0.09985422740524778
0.001020408163265306
0.0
0.4671768707482996
0.0
0.36960641399416994
0.024902818270165206
0.02223032069970845
0.01360544217687074
0.0
0.010204081632653059
0.18367346938775492
0.0
0.024489795918367356
0.020590379008746357
0.03316326530612245
0.6562925170068021
0.050413022351797836
0.0
0.0
0.008746355685131196
0.0
0.3537414965986394
0.3786686103012646
0.0721088435374149
0.0
0.0
0.18242832847424706
0.00793650793650794
0.008928571428571432
0.002004373177842566
0.03112244897959185
0.016713232912212505
0.02123514240861177
0.07193877551020399
0.07057823129251699
0.010112973760932944
0.004251700680272109
0.030187074829931968
0.0
0.05595238095238092
0.36530612244897936
0.018707482993197286
0.011297376093294457
0.5004251700680263
0.030824829931972803
0.0
0.0148607061872368
0.014820213799805632
0.16071428571428573
0.09382086167800445
0.21811224489795933
0.0
0.06705539358600589
0.0
0.005102040816326533
0.3918367346938777
0.20892857142857157
0.0
0.05853174603174596
0.0
0.0
0.021734288953676715
0.05952380952380953
0.0
0.3326530612244902
0.012542517006802714
0.008333333333333331
0.026117589893100104
0.031814868804664734
0.039674441205053465
0.4968537414965986
0.0007288629737609331
0.19854227405247807
0.009596695821185615
0.37959183673469404
0.0
0.0029154518950437326
0.0
0.0008503401360544216
0.02081916099773243
0.010714285714285711
0.0
0.12195294784580502
0.0
0.5980320699708459
0.01032555879494655
0.3962585034013609
0.0
0.375413022351798
0.38275024295432475
0.5124999999999991
0.34386209029066167
0.6404275996112724
0.014625850340136047
0.5121598639455782
0.07288629737609326
0.27003360868156784
0.38095238095238054
0.43883624878522864
0.1387269193391643
0.14288751214771608
0.014254792826221399
0.4218294460641406
0.42857142857142877
0.0
0.2092545351473922
0.008017492711370264
0.6675775613275613
0.3189625850340136
0.13989310009718148
0.2213313896987363
0.0
0.411904761904762
0.412244897959184
0.1841836734693877
0.042387431162941344
0.4244897959183677
0.006632653061224488
0.004081632653061224
0.4816367022999674
0.11988783608681557
0.0
0.21074263038548754
0.41224489795918445
0.08919460641399415
0.0029154518950437326
0.5897614998380308
0.0
0.4477040816326534
0.2701530612244901
0.0005668934240362814
0.17815840621963056
0.0007288629737609331
0.3924927113702628
0.07780612244897953
0.5703669346526498
0.0
0.007865646258503401
0.252692743764172
0.0
0.40500485908649175
0.13922295108519578
0.0
0.0398242630385487
0.7084548104956263
0.5150996112730808
0.06851311953352765
0.2590986394557823
0.05463306534735104
0.4056122448979595
0.1701530612244895
0.5999858276643989
0.010544217687074826
0.014370748299319733
0.02383179462261095
0.0005668934240362814
0.5465986394557841
0.5595238095238103
0.0
0.3401360544217688
0.393664965986395
0.360489552964043
0.4140852769679306
0.007142857142857141
0.0
0.027721088435374155
0.40714285714285736
0.24872835497835485
0.2296222060252674
0.001020408163265306
0.4132653061224492
0.12485625202461936
0.01105442176870748
0.12202380952380944
0.5499999999999989
