0.11492857142857142
0.22899999999999968
0.4713333333333327
0.027142857142857135
0.23761904761904745
0.3666666666666666
0.5558333333333333
0.0073333333333333315
0.40399999999999925
0.451722222222222
0.33766666666666667
0.051
0.0
0.1727380952380953
0.47615873015873034
0.10292388167388168
0.25727380952380946
0.037440476190476184
0.0
0.0
0.5404761904761906
0.055714285714285744
0.013035714285714284
0.31821428571428567
0.7340000000000001
0.02982142857142857
0.6098809523809525
0.12476190476190473
0.46590476190476204
0.3019999999999996
0.27116666666666656
0.30316666666666636
0.008571428571428574
0.0
0.46290476190476176
0.0
0.406666666666667
0.1937023809523808
0.003222222222222223
0.36008333333333326
0.17759523809523795
0.0
0.2605476190476189
0.46290476190476176
0.7225
0.11619047619047619
0.6819047619047616
0.34569047619047616
0.02500000000000001
0.04446428571428571
0.7105000000000001
0.4684761904761905
0.11854761904761908
0.0
0.01719047619047619
0.047777777777777766
0.031190476190476178
0.32496428571428565
0.26085714285714273
0.24623809523809517
0.33198412698412694
0.17904761904761896
0.757
0.018293650793650796
0.06313492063492068
0.0025
0.037361111111111116
0.3771428571428568
0.004318181818181819
0.06980158730158727
0.7666666666666667
0.22400000000000003
0.018388888888888892
0.14776190476190476
0.0911309523809524
0.44220238095238096
0.0
0.18152380952380937
0.13928571428571423
0.0
0.003928571428571429
0.7128571428571427
0.0381547619047619
0.1222222222222221
0.008809523809523812
0.09285714285714289
0.38852380952380955
0.380642857142857
0.0
0.0036507936507936523
0.09420634920634917
0.03517857142857143
0.008333333333333331
0.019821428571428573
0.4448809523809521
0.19088888888888872
0.07506746031746032
0.2069206349206349
0.10751984126984127
0.0
0.35276984126984096
0.13499999999999987
0.4892857142857143
0.4517222222222219
0.09652777777777778
0.01443181818181818
0.0
0.2888333333333333
0.21380952380952364
0.2156666666666666
0.44279761904761905
0.04172222222222224
0.1432698412698411
0.002857142857142858
0.32664682539682516
0.02485714285714285
0.46290476190476176
0.012999999999999998
0.2567261904761904
0.006166666666666666
0.22099999999999992
0.5292857142857144
0.10940476190476175
0.14186904761904748
0.542857142857143
0.020416666666666673
0.12785714285714275
0.018273809523809526
0.45521428571428596
0.0
0.2338095238095236
0.15345238095238092
0.0
0.0011111111111111115
0.023190476190476192
0.028095238095238104
0.5432857142857141
0.43920634920634893
0.022857142857142857
0.03409523809523809
0.08813095238095237
0.5351428571428571
0.35704365079365075
0.21997294372294351
0.17148809523809516
0.4472222222222225
0.02172619047619047
0.642738095238095
0.3969999999999996
0.4753571428571429
0.037361111111111116
0.0
0.0
0.0
0.05978571428571429
0.0
0.001428571428571429
0.24771428571428536
0.3714801587301585
0.0
0.012861111111111111
0.06272005772005772
0.05892857142857147
0.48571428571428543
0.2355555555555555
0.5705833333333334
0.04466666666666666
0.4835714285714283
0.008857142857142857
0.4664761904761903
0.036349206349206346
0.04742857142857144
0.024761904761904752
0.023666666666666662
0.008666666666666665
0.005999999999999998
0.0
0.03694444444444444
0.3046060606060605
0.1644285714285713
0.4544642857142857
0.18194841269841242
0.12193181818181814
0.07775000000000001
0.3475
0.3618888888888886
0.18500000000000014
0.5576190476190473
0.5461666666666667
0.03413888888888889
0.4078571428571431
0.43778571428571456
0.41781746031746025
0.6355555555555558
0.2600476190476187
0.551
0.0
0.5476190476190478
0.3348888888888887
0.43939393939393917
0.3157142857142853
0.0
0.45023809523809516
0.08861111111111111
0.3297619047619045
0.08882142857142859
0.03900000000000001
0.572142857142857
0.12750396825396812
0.0
0.5566428571428571
0.1213888888888887
0.024285714285714285
0.5188492063492064
0.0
0.6883333333333335
0.054666666666666676
0.5840000000000001
0.1739166666666666
0.0
0.035285714285714274
0.16265476190476177
0.007999999999999998
0.00125
0.3553333333333331
0.34166666666666645
0.3209246031746028
0.20795238095238094
0.4528571428571432
0.36933333333333307
0.1213888888888887
0.009583333333333334
0.45916666666666656
0.3221666666666666
0.01375
0.24999999999999978
0.349333333333333
0.0
0.09444444444444429
0.0630436507936508
0.2869523809523809
0.07690476190476192
0.09773809523809528
0.5069523809523807
0.27049999999999996
0.7880952380952384
0.3980119047619048
0.3582142857142858
0.15351190476190474
0.0
0.6955
0.011666666666666665
0.030646825396825398
0.4671428571428575
0.2818650793650792
0.6036309523809524
0.07775000000000001
0.09388888888888884
0.045333333333333344
0.01
0.517190476190476
0.2703095238095238
0.25158730158730147
0.12035714285714287
0.0030952380952380953
0.0
0.4608134920634921
0.031547619047619054
0.31570238095238085
0.2481666666666666
0.11823809523809527
0.4866428571428566
0.0
0.39071428571428585
0.0073333333333333315
0.0
0.5039880952380953
0.4641666666666673
0.2792380952380952
0.2008571428571427
0.13389682539682515
0.4775952380952381
0.7107142857142854
0.19833333333333308
0.17171428571428554
0.16621428571428548
0.0
0.25
0.00125
0.48900000000000027
0.03777777777777779
0.0025
0.007857142857142858
0.0
0.338988095238095
0.632833333333333
0.02714285714285714
0.003999999999999999
0.0
0.0
0.03698412698412699
0.6215238095238091
0.0
0.41699999999999954
0.39299999999999974
0.4624801587301586
0.20023809523809516
0.4712619047619051
0.4453809523809518
0.4099999999999993
0.22666666666666666
0.05800000000000003
0.3778095238095235
0.01416666666666667
0.0
0.008749999999999999
0.09063492063492061
0.030238095238095227
0.41423809523809524
0.3993333333333327
0.39523809523809517
0.38583333333333314
0.06394841269841271
0.0
0.005999999999999998
0.37765476190476166
0.006785714285714287
0.02517857142857143
0.617
0.5750000000000004
0.36833333333333335
0.0
0.0
0.48983333333333307
0.5474999999999997
0.0016666666666666663
0.5240833333333335
0.375833333333333
0.05900000000000001
0.015575396825396827
0.3983333333333334
0.0
0.3541666666666666
0.2649999999999996
0.025119047619047617
0.3986666666666664
0.07785714285714289
0.3650436507936508
0.2819047619047616
0.023499999999999997
0.0867261904761905
0.0
0.051666666666666666
0.2836666666666664
0.6035000000000008
0.0
0.29210714285714273
0.07202380952380955
0.0
0.0026515151515151525
0.0033333333333333335
0.060750000000000026
0.5926190476190476
0.34326190476190455
0.676666666666666
0.00857936507936508
0.155222222222222
0.12747222222222207
0.01863095238095238
0.0
0.5361666666666665
0.27303571428571427
0.5
0.13551587301587292
0.04904761904761904
0.711666666666667
0.01333333333333333
0.3395238095238095
0.22607142857142853
0.2538095238095238
0.6029999999999999
0.008075396825396828
0.48050000000000054
0.11599999999999991
0.01511111111111112
0.3128571428571425
0.0225
0.2538095238095238
0.02666666666666665
0.005773809523809525
0.4346666666666669
0.2538095238095238
0.0
0.04714285714285713
0.04376190476190475
0.03999999999999998
0.0
0.0
0.004285714285714287
0.0047619047619047615
0.0
0.009952380952380952
0.0
0.0
0.35875396825396805
0.0
0.5743333333333331
0.00125
0.005
0.2999999999999998
0.022
0.6537619047619045
0.3980000000000002
0.0
0.24064682539682536
0.2643809523809524
0.00625
0.012380952380952381
0.4833333333333328
0.4749999999999999
0.03619444444444445
0.32025000000000003
0.2056666666666663
0.21892857142857128
0.005833333333333334
0.06329365079365079
0.630833333333333
0.0
0.22709523809523793
0.19214285714285712
0.028749999999999994
0.0
0.33660714285714255
0.6537619047619045
0.17261904761904742
0.04500000000000001
0.0077272727272727285
0.03999999999999998
0.007666666666666665
0.7671428571428563
0.00819047619047619
0.005357142857142858
0.0
0.03333333333333331
0.25202380952380954
0.09904761904761898
0.0
0.13982539682539677
0.22799999999999998
0.12507936507936498
0.29999999999999966
0.02833333333333334
0.09583333333333334
0.2604166666666666
0.2219999999999999
0.7340277777777776
0.5166547619047616
0.16999999999999982
0.3261904761904761
0.3971666666666666
0.17299999999999996
0.009916666666666669
0.0
0.0
0.42190476190476284
0.3218095238095237
0.5661904761904759
0.0
0.0
0.048333333333333346
0.0
0.006666666666666665
0.020912698412698414
0.0
0.0016666666666666663
0.0073333333333333315
0.0
0.0
0.2095238095238093
0.0
0.003999999999999999
0.17799999999999985
0.08194444444444446
0.08194444444444446
0.04618181818181819
0.3061031746031747
0.0
0.006999999999999998
0.13166666666666665
0.021128787878787886
0.0021111111111111113
0.0030202020202020207
0.21763888888888883
0.018388888888888892
0.007079365079365081
0.0
0.6678333333333331
0.5088333333333331
0.036000000000000004
0.08877633477633477
0.0
0.0
0.023928571428571428
0.02285714285714285
0.05188492063492068
0.02928571428571427
0.005357142857142858
0.05
0.04983333333333333
0.0
0.3512857142857139
0.015999999999999997
0.0
0.0
0.0025
0.2059047619047619
0.0255
0.0
0.0
0.09135101010101009
0.00375
0.0
0.0
0.0
0.039857142857142855
0.0019090909090909091
0.03095238095238094
0.0
0.5276190476190474
0.07053571428571431
0.01952380952380952
0.11177272727272722
0.014999999999999996
0.8454761904761895
0.010714285714285716
0.14423809523809508
0.0
0.0033333333333333327
0.3493333333333332
0.015190476190476188
0.5273214285714285
0.0
0.0
0.1642857142857141
0.2738095238095239
0.0
0.0542857142857143
0.08250000000000003
0.3486706349206349
0.5800595238095239
0.0
0.7243333333333326
0.20949999999999996
0.15714285714285703
0.0034285714285714284
0.1666666666666666
0.0
0.0
0.030476190476190462
0.03214285714285714
0.20904761904761904
0.002857142857142858
0.0
0.6631944444444444
0.0
0.012857142857142859
0.01333333333333333
0.15922222222222215
0.008571428571428574
0.0
0.0
0.05095238095238096
0.0
0.4561111111111111
0.006666666666666665
0.2956031746031742
0.15933333333333335
0.4619999999999999
0.0
0.03557142857142856
0.02047619047619047
0.03333333333333335
0.4215858585858584
0.46500000000000014
0.02333333333333332
0.4431666666666668
0.5328571428571425
0.0
0.03466666666666665
0.0
0.002678571428571429
0.013999999999999997
0.0905357142857143
0.01880952380952381
0.30438095238095253
0.012246753246753249
0.017294372294372296
0.016873376623376624
0.07619047619047625
0.007999999999999998
0.0
0.42999999999999994
0.0
0.06723809523809526
0.26323809523809516
0.027999999999999997
0.014285714285714289
0.501
0.03949999999999999
0.25714285714285684
0.028015873015873015
0.0034722222222222233
0.01138095238095238
0.0
0.0
0.26709523809523783
0.0
0.05823809523809524
0.0
0.025619047619047607
0.5493333333333329
0.0
0.001428571428571429
0.01666666666666666
0.0
0.05406818181818181
0.3152738095238093
0.1778333333333331
0.006666666666666665
0.03038095238095237
0.048797619047619055
0.0
0.025648268398268403
0.0
0.0
0.0
0.004444444444444446
0.07483216783216781
0.1276190476190476
0.008333333333333331
0.01410714285714286
0.05769047619047621
0.3914999999999999
0.0
0.07428571428571434
0.12542857142857136
0.022857142857142857
0.09220238095238097
0.32833333333333314
0.0414047619047619
0.04651190476190476
0.014583333333333335
0.015297619047619046
0.0
0.08937229437229437
0.06150000000000002
0.027142857142857135
0.004345238095238096
0.03803571428571428
0.06733333333333336
0.2566666666666665
0.13749999999999993
0.028952380952380955
0.11003246753246755
0.0075
0.007999999999999998
0.0
0.20366666666666655
0.010000000000000004
0.26428571428571423
0.024555555555555556
0.0125
0.027380952380952367
0.0
0.2216666666666665
0.38533333333333303
0.012777777777777779
0.06933333333333336
0.0
0.24366666666666642
0.0
0.0
0.05209090909090907
0.007142857142857145
0.053888888888888896
0.012857142857142855
0.0
0.07956349206349209
0.0
0.22071428571428559
0.027499999999999997
0.07816666666666669
0.0016666666666666663
0.2940476190476189
0.4463333333333335
0.4789999999999997
0.4021767676767674
0.5284523809523809
0.04523809523809524
0.13283333333333341
0.16761904761904742
0.14722222222222217
0.5256666666666664
0.6342857142857139
0.2887738095238095
0.14642857142857138
0.0717272727272727
0.41785714285714276
0.43999999999999945
0.0
0.22023809523809523
0.037440476190476184
0.7138492063492065
0.28666666666666657
0.0754761904761905
0.2080357142857143
0.0275
0.3905714285714284
0.02295238095238095
0.09761904761904765
0.02333333333333332
0.39333333333333265
0.01285714285714286
0.15642857142857122
0.30566666666666653
0.15386904761904757
0.009285714285714286
0.3396666666666664
0.37999999999999995
0.01595238095238095
0.06565476190476194
0.4570555555555555
0.0
0.35523809523809485
0.201
0.0
0.21683333333333338
0.0
0.3933333333333334
0.04978571428571429
0.4154365079365082
0.0
0.011111111111111117
0.08392857142857142
0.0
0.30178571428571405
0.2028333333333333
0.18788095238095237
0.19875
0.7155357142857142
0.6479999999999998
0.055678571428571424
0.1139999999999999
0.03857142857142857
0.3470238095238094
0.43749999999999994
0.6258531746031746
0.006190476190476191
0.0
0.07172619047619054
0.0
0.49633333333333285
0.4919999999999996
0.0019999999999999996
0.22399999999999973
0.41488095238095224
0.3085317460317459
0.35059523809523824
0.041749999999999995
0.0033333333333333327
0.057666666666666686
0.4133333333333328
0.3799999999999997
0.012380952380952381
0.01866666666666666
0.39999999999999925
0.007083333333333334
0.04533333333333333
0.05809523809523811
0.47321428571428575
