0.10499470899470895
0.22800000000000026
0.49195767195767165
0.020661375661375662
0.21129629629629632
0.3235555555555557
0.5448148148148149
0.00548148148148148
0.4071111111111119
0.4484091710758376
0.30341269841269863
0.07985185185185179
0.009820105820105824
0.14818342151675476
0.4696014109347445
0.10885201218534543
0.21743915343915354
0.025571428571428582
0.006560846560846559
0.005714285714285716
0.4268783068783069
0.03825396825396829
0.011507936507936507
0.305169312169312
0.6539259259259255
0.029867724867724876
0.6146296296296291
0.20793650793650797
0.455216931216931
0.2921481481481481
0.28096296296296336
0.3033827160493828
0.00761904761904762
0.015407407407407408
0.4649947089947094
0.0
0.3286419753086422
0.17148853615520276
0.002419753086419754
0.348555555555556
0.15437037037037019
0.0
0.22708465608465606
0.4649947089947094
0.6534074074074071
0.1307936507936508
0.6547301587301592
0.2853439153439155
0.05843033509700172
0.03190476190476191
0.6587407407407396
0.4955343915343914
0.12371957671957666
0.0
0.025883597883597894
0.036790123456790065
0.01568783068783068
0.2944656084656085
0.17159788359788358
0.2503439153439153
0.33389770723104045
0.17939153439153466
0.7059999999999998
0.02732804232804234
0.0534126984126984
0.004497354497354497
0.03470899470899474
0.3840899470899473
0.004360269360269361
0.06479717813051139
0.7159259259259256
0.25088888888888905
0.021474426807760152
0.13828571428571415
0.06638447971781303
0.40208994708994716
0.0005555555555555556
0.15643386243386226
0.14005291005291007
0.0
0.0034920634920634925
0.6698095238095235
0.03661375661375664
0.10493827160493813
0.010243386243386242
0.07978835978835971
0.3384338624338626
0.39251322751322754
0.0
0.002257495590828925
0.079100529100529
0.02444444444444446
0.031338624338624346
0.018412698412698412
0.40769841269841217
0.17927513227513228
0.08670723104056431
0.18898941798941818
0.10146384479717806
0.0
0.32285714285714306
0.11348148148148138
0.5124761904761901
0.44840917107583766
0.07623456790123458
0.01259820426487093
0.02162962962962962
0.2911111111111114
0.18152028218694896
0.1384444444444444
0.40085185185185207
0.03525925925925922
0.14263139329805963
0.003809523809523811
0.3405396825396826
0.01308465608465608
0.4649947089947094
0.04437037037037037
0.18561375661375648
0.02288888888888889
0.216888888888889
0.515343915343915
0.09649911816578459
0.15196825396825386
0.42546737213403885
0.016049382716049387
0.13417989417989432
0.022671957671957677
0.44776719576719626
0.0
0.23160846560846585
0.14854497354497345
0.0
0.001382716049382716
0.04176366843033509
0.022215167548500874
0.5393968253968258
0.4076208112874788
0.013280423280423278
0.01769312169312169
0.10479365079365066
0.5273756613756609
0.3655220458553791
0.1967083533750199
0.1666102292768958
0.43703703703703684
0.023015873015873024
0.5876455026455024
0.386666666666667
0.42729100529100594
0.028888888888888895
0.0
0.007731922398589064
0.0
0.04323809523809524
0.001904761904761905
0.0006349206349206351
0.28151322751322777
0.3429541446208116
0.0
0.01012345679012346
0.08007215007214996
0.05165079365079363
0.37004761904761896
0.29314814814814844
0.5494444444444434
0.03022222222222223
0.373015873015873
0.006941798941798941
0.4332645502645506
0.02731040564373899
0.07540740740740728
0.02116402116402116
0.03325925925925927
0.006074074074074072
0.003999999999999999
0.0
0.026410934744268092
0.27759275292608665
0.13146560846560834
0.47690476190476183
0.18550617283950657
0.1174280904280904
0.0521904761904762
0.3064444444444444
0.37377777777777693
0.16777777777777786
0.5520634920634914
0.5109206349206349
0.035671957671957716
0.354783068783069
0.4481269841269845
0.41655202821869497
0.5532098765432099
0.2383174603174614
0.6000423280423272
0.010137566137566138
0.46838624338624324
0.3365044091710758
0.4209652076318739
0.3111111111111116
0.0
0.44431216931216966
0.081058201058201
0.3469841269841274
0.1151111111111111
0.04266666666666667
0.5500529100529113
0.13535802469135813
0.0
0.5979576719576711
0.10499999999999987
0.020000000000000004
0.4854144620811288
0.023777777777777787
0.6061375661375659
0.05881481481481475
0.5103703703703698
0.13560846560846565
0.0
0.04514285714285713
0.18347089947089926
0.00711111111111111
0.0018253968253968257
0.36319576719576724
0.3425925925925925
0.32979365079365097
0.2085608465608467
0.43944444444444475
0.3442962962962959
0.10333333333333321
0.00574074074074074
0.4714920634920639
0.3492592592592593
0.0205026455026455
0.2570370370370376
0.340740740740741
0.0
0.10007407407407404
0.05435626102292767
0.2263280423280424
0.09341798941798937
0.09243386243386238
0.5018747795414461
0.21111111111111097
0.7543915343915353
0.38493121693121707
0.35300000000000076
0.14768253968253967
0.0
0.6527407407407402
0.024021164021164023
0.025821869488536164
0.4760952380952382
0.3003562610229278
0.4809947089947103
0.0521904761904762
0.09336507936507936
0.030666666666666682
0.013333333333333334
0.5359082892416229
0.24393650793650812
0.258201058201058
0.10994179894179892
0.015830687830687824
0.0
0.42720458553791907
0.03989417989417989
0.31185537918871264
0.2943703703703704
0.08256084656084656
0.40842857142857136
0.0
0.32984126984126977
0.0097037037037037
0.0
0.510388007054673
0.4705820105820109
0.2649100529100525
0.20612698412698383
0.13130158730158747
0.4924479717813047
0.7202292768959442
0.19748148148148165
0.10751322751322763
0.1749629629629633
0.0
0.208962962962963
0.0005555555555555556
0.33477777777777823
0.03990123456790119
0.0033333333333333335
0.004047619047619048
0.0
0.3392063492063491
0.6115555555555553
0.022328042328042332
0.0038941798941798935
0.0
0.0
0.02405643738977074
0.5513227513227512
0.0
0.4177037037037046
0.3811851851851862
0.3777248677248687
0.22719576719576715
0.41374603174603225
0.4958835978835993
0.4266666666666675
0.18962962962962976
0.06266666666666665
0.365941798941799
0.006296296296296297
0.0
0.011375661375661374
0.08312169312169305
0.01968253968253968
0.4168888888888888
0.4008888888888894
0.3620317460317464
0.40874074074074146
0.03774250440917108
0.0
0.005333333333333332
0.3848677248677245
0.005534391534391534
0.014153439153439152
0.5916296296296285
0.5733950617283944
0.3705185185185184
0.0
0.003999999999999999
0.4947407407407414
0.5228571428571426
0.0014814814814814812
0.4900740740740737
0.3903703703703706
0.05874074074074073
0.008112874779541448
0.3614814814814815
0.008597883597883596
0.3673015873015873
0.2734814814814818
0.0167989417989418
0.3972910052910053
0.08380952380952379
0.3234250440917111
0.3109523809523812
0.01888888888888889
0.0707566137566137
0.0
0.03481481481481481
0.21555555555555553
0.5887407407407389
0.0025396825396825405
0.22917460317460325
0.04301587301587303
0.024275132275132276
0.014141414141414151
0.0029629629629629632
0.06304232804232802
0.4941164021164023
0.31662433862433875
0.5718518518518532
0.007670194003527337
0.14388888888888873
0.12207407407407399
0.021640211640211637
0.002380952380952381
0.5384444444444447
0.2260317460317458
0.48148148148148107
0.14172663139329789
0.060105820105820065
0.7199999999999999
0.012486772486772482
0.35164021164021214
0.2143121693121692
0.24952380952380956
0.4461481481481481
0.006384479717813052
0.39851851851851927
0.1279999999999999
0.010419753086419757
0.31089947089947195
0.015333333333333334
0.24952380952380956
0.01925925925925925
0.011047619047619046
0.291851851851852
0.24952380952380956
0.0
0.05396825396825393
0.044804232804232784
0.05022222222222219
0.0
0.0
0.00965079365079365
0.0028571428571428567
0.0
0.006645502645502644
0.0007407407407407406
0.0
0.2847389770723103
0.0
0.43459259259259203
0.0005555555555555556
0.0022222222222222222
0.2746666666666673
0.022222222222222227
0.6570793650793649
0.2758518518518519
0.0
0.17838800705467364
0.19028571428571442
0.012486772486772487
0.024878306878306885
0.4713333333333342
0.4392592592592592
0.04430864197530863
0.20859259259259275
0.20711111111111166
0.16973015873015876
0.004074074074074075
0.040599647266313925
0.6273368606701931
0.0
0.1795132275132275
0.20192592592592598
0.01978835978835979
0.0070987654320987656
0.305619047619048
0.6485502645502644
0.17841269841269855
0.04607407407407405
0.004242424242424243
0.023280423280423283
0.0034074074074074067
0.6837037037037037
0.004751322751322751
0.004401154401154401
0.0
0.02222222222222222
0.21554497354497368
0.0990070546737212
0.0
0.13104585537918872
0.21940740740740758
0.12400352733686074
0.2755555555555551
0.019629629629629632
0.0703703703703704
0.26814814814814836
0.22822222222222235
0.7193827160493803
0.5136596119929453
0.18222222222222215
0.3589153439153439
0.2234814814814815
0.21940740740740727
0.020212121212121216
0.0011111111111111111
0.0
0.3977142857142875
0.31630687830687876
0.5784761904761899
0.0
0.0
0.04770370370370368
0.0
0.011111111111111105
0.015402116402116403
0.0
0.0014814814814814812
0.006518518518518517
0.0011904761904761906
0.0
0.1993227513227512
0.0
0.0017777777777777774
0.1491851851851851
0.08952380952380948
0.08952380952380948
0.03936700336700334
0.2715608465608467
0.003809523809523811
0.003555555555555555
0.11585890652557307
0.027627384960718277
0.003975308641975309
0.0018978675645342316
0.19252380952380965
0.016851851851851854
0.00524514991181658
0.0012121212121212126
0.619333333333333
0.5586772486772481
0.029555555555555564
0.07591053391053385
0.0
0.0
0.023343915343915344
0.025396825396825404
0.04932980599647265
0.013015873015873008
0.004761904761904762
0.05925925925925927
0.03822222222222222
0.0
0.34611640211640193
0.00785185185185185
0.0
0.003999999999999999
0.002777777777777778
0.16366137566137579
0.036000000000000004
0.005413105413105415
0.0
0.06845358345358359
0.013456790123456791
0.005428571428571429
0.0
0.0
0.037354497354497355
0.0017373737373737371
0.017883597883597876
0.009941798941798941
0.5131851851851863
0.06997354497354494
0.02518518518518519
0.07943290043290038
0.014444444444444447
0.7507936507936508
0.005502645502645503
0.1546666666666668
0.004634920634920634
0.002222222222222222
0.37466666666666654
0.01075132275132275
0.4921657848324514
0.0
0.004338624338624338
0.16507936507936516
0.2925925925925929
0.0022222222222222222
0.05329100529100525
0.16346031746031742
0.3508095238095238
0.5129717813051148
0.0
0.6233333333333321
0.20177777777777783
0.1431111111111108
0.00326984126984127
0.1364021164021165
0.0
0.0014814814814814812
0.04063492063492064
0.023333333333333338
0.18419047619047654
0.006031746031746032
0.0
0.5955379188712522
0.0
0.008825396825396825
0.008888888888888885
0.1642874779541446
0.011428571428571427
0.0
0.0
0.06893121693121691
0.0007407407407407406
0.4327865961199296
0.00948148148148148
0.29481481481481464
0.18937566137566145
0.38249735449735445
0.0
0.03346031746031748
0.020148148148148148
0.04049382716049381
0.41105723905723973
0.4126984126984132
0.016296296296296284
0.32111111111111135
0.5192063492063492
0.0
0.05777777777777772
0.0007407407407407406
0.0034920634920634925
0.007492063492063491
0.09562962962962948
0.011534391534391533
0.23194708994708976
0.012663780663780667
0.014512105178771845
0.010324675324675323
0.06823280423280415
0.005333333333333332
0.005333333333333332
0.4017460317460322
0.0008888888888888887
0.052582010582010535
0.25010582010582
0.029333333333333347
0.009523809523809523
0.5112592592592593
0.041185185185185186
0.22311111111111165
0.01849206349206349
0.005308641975308643
0.011661375661375655
0.0
0.0
0.24332275132275155
0.005555555555555556
0.060105820105820044
0.0
0.020550264550264544
0.4996825396825401
0.0
0.0012698412698412703
0.010899470899470895
0.019185185185185184
0.03652813852813852
0.3252275132275137
0.10681481481481465
0.00474074074074074
0.03225396825396827
0.04904761904761904
0.0
0.02715424082090749
0.0
0.0
0.0
0.003950617283950619
0.04646797646797645
0.08088888888888882
0.015407407407407404
0.009638447971781306
0.039809523809523815
0.23533333333333348
0.0
0.05752380952380948
0.09849735449735453
0.019523809523809523
0.06097883597883592
0.3170370370370373
0.052317460317460304
0.043283309283309264
0.014215167548500883
0.022460317460317458
0.0
0.10395222061888719
0.055111111111111076
0.02126984126984127
0.0019312169312169312
0.039841269841269844
0.0408994708994709
0.2135026455026455
0.13978835978835955
0.021941798941798946
0.11643578643578632
0.011031746031746031
0.005333333333333332
0.0012698412698412703
0.20051851851851854
0.005079365079365081
0.27060670194003533
0.016786596119929453
0.005555555555555556
0.031746031746031765
0.0
0.21644444444444486
0.37088888888888905
0.011111111111111112
0.08799999999999993
0.003968253968253968
0.22859259259259265
0.0
0.0
0.03361616161616157
0.003809523809523811
0.0521675485008818
0.006825396825396825
0.0
0.07537037037037032
0.0
0.217989417989418
0.04417283950617282
0.05125925925925925
0.007407407407407405
0.3115943562610231
0.43133333333333346
0.42140740740740834
0.3942616642616642
0.5300176366843032
0.030158730158730183
0.09674074074074065
0.16965079365079375
0.13280984447651095
0.5714074074074093
0.6255026455026444
0.20724867724867727
0.16566137566137568
0.04537373737373735
0.39531216931216984
0.4133333333333342
0.0
0.205873015873016
0.01865079365079365
0.6294268077601414
0.2865026455026455
0.0688888888888888
0.19746031746031725
0.023809523809523815
0.27413756613756646
0.022370370370370374
0.1123386243386243
0.03925925925925923
0.39555555555555644
0.013481481481481476
0.122010582010582
0.30860317460317477
0.14444444444444418
0.010052910052910051
0.3232698412698415
0.3857777777777781
0.013798941798941793
0.0364814814814815
0.49475308641975335
0.0
0.36126984126984146
0.1979259259259259
0.0009876543209876548
0.1656296296296299
0.0
0.2755555555555558
0.058089947089947074
0.357668430335097
0.0
0.01481481481481482
0.09951499118165785
0.0
0.3128042328042327
0.1370264550264551
0.17722751322751315
0.20286772486772492
0.6882275132275129
0.6056296296296284
0.045980599647266286
0.14407407407407377
0.027793650793650808
0.24532804232804248
0.3542222222222224
0.5867989417989418
0.004021164021164022
0.009273849607182943
0.06251322751322745
0.0
0.5435555555555568
0.5145185185185194
0.0019999999999999996
0.22696296296296323
0.39477425044091713
0.3300881834215168
0.3601587301587302
0.03942151675485007
0.006518518518518517
0.06999999999999994
0.40888888888888963
0.4549735449735455
0.009788359788359787
0.046370370370370374
0.4000000000000009
0.004197530864197531
0.04483950617283945
0.05015873015873016
0.48360317460317476
