0.12197971781305109
0.23014403292181107
0.4947751322751315
0.027160493827160497
0.19308495002939458
0.2952674897119346
0.5087448559670773
0.003806584362139917
0.4086419753086442
0.4451499118165786
0.2684119635508527
0.09156378600823056
0.00759112286890065
0.15786057221242414
0.39688418577307516
0.1130674024192542
0.19792401528512651
0.027906378600823054
0.022868900646678434
0.003968253968253969
0.4316578483245148
0.03802175191064078
0.010655496766607875
0.32001028806584386
0.6440843621399173
0.03384038800705467
0.5745701058201059
0.18121693121693128
0.42257495590828914
0.28214285714285736
0.25149176954732516
0.28060454634528753
0.005291005291005292
0.023045267489711946
0.47067901234567955
0.0
0.2733257397609253
0.15225480109739375
0.0020661865569272984
0.36692386831275786
0.1604644326866552
0.0
0.20832231040564395
0.47067901234567955
0.6344135802469133
0.16761463844797184
0.6106995884773672
0.2872942386831277
0.06268983931020963
0.02496693121693122
0.6517489711934147
0.46756319811875374
0.1249853027630806
0.0
0.021531452087007658
0.030178326474622715
0.011923133450911224
0.2943574857926714
0.18411228689006479
0.25766828336272807
0.3217604840290026
0.18494635508524432
0.6858024691358021
0.025658926121889095
0.048262051734273906
0.0035640799529688422
0.03104791299235744
0.38076499118165874
0.007785081859155932
0.04499804036841068
0.7192460317460326
0.23369341563786056
0.014912796394277884
0.13309817754262204
0.0694909856946894
0.3579805996472663
0.00038580246913580245
0.15404174015285138
0.1496546149323925
0.0
0.005180776014109347
0.5949294532627862
0.031701940035273365
0.09534709974524778
0.013286302175191063
0.11133891828336259
0.3130731922398596
0.39605379188712536
0.00038580246913580245
0.001910640799529689
0.12051121889084829
0.02099867724867726
0.039329805996472636
0.015432098765432105
0.33757716049382697
0.16002351557907116
0.08571551048402894
0.21053424456202255
0.10428301979227894
0.0
0.30046541250245057
0.0978395061728394
0.4806731334509109
0.4451499118165782
0.06254286694101507
0.015142051021680652
0.026954732510288067
0.2890946502057618
0.18614295512443674
0.1284465020576133
0.39864050558495023
0.026190476190476156
0.14339604154418992
0.006172839506172839
0.30771482461297284
0.010629776601998821
0.47067901234567955
0.05916372721928279
0.17628233392122272
0.03595679012345679
0.22618312757201672
0.48014403292180957
0.10083529296492241
0.15660395845581063
0.3832855673133453
0.026473398001175773
0.13631687242798343
0.02397486772486774
0.39083627278071803
0.0
0.23902116402116444
0.15171590241034694
0.00038580246913580245
0.006333284342543603
0.03934940231236524
0.0341147364295512
0.5056400646678416
0.37304649225945596
0.009994121105232215
0.01774323927101706
0.12015358612580826
0.4929012345679001
0.32667181069958845
0.19741952149359543
0.14122574955908296
0.431706839114246
0.0186471193415638
0.5606995884773665
0.34207818930041206
0.38618459729570875
0.038855820105820095
0.0
0.011973349010386046
0.0
0.0431216931216931
0.002278071722516167
0.0004409171075837744
0.2903439153439157
0.32957818930041205
0.0
0.011123358808543994
0.07568364420216261
0.04690255731922394
0.3437904174015286
0.2884675680971984
0.46972736625514366
0.024691358024691364
0.31717739564961794
0.006672545561434449
0.39542915931804856
0.02964432686654909
0.08121693121693131
0.025793650793650806
0.02788065843621399
0.007304526748971189
0.003086419753086419
0.004115226337448562
0.026387664119145615
0.2701079356171951
0.10436875367430919
0.4798831569664891
0.1731322261414857
0.12369962856073971
0.04469429747207525
0.27839506172839523
0.3669410150891615
0.17772633744856006
0.5438283852635699
0.44551734273956445
0.034178424456202235
0.34780276308054114
0.46509406231628425
0.4231150793650792
0.48311899862825786
0.24133230452675042
0.6073559670781887
0.007657260435038213
0.42715681951793044
0.3320889672741529
0.37558900290381786
0.30121987066431544
0.0
0.45447530864197555
0.061416078777189825
0.3541740152851261
0.12477954144620804
0.07391975308641972
0.5304967666078767
0.14467715069566978
0.0
0.5626910640799526
0.10617283950617287
0.01916152263374486
0.47115667254556104
0.016512345679012354
0.5570179306290407
0.047530864197530796
0.43184156378600796
0.12152410346854814
0.0
0.0589579659024103
0.17750587889476743
0.004938271604938271
0.0017820399764844211
0.36731334509112257
0.36291152263374377
0.34542915931804813
0.2071134626690184
0.4003968253968255
0.34783950617283876
0.09283264746227703
0.005015432098765431
0.48815770135214587
0.31260288065843644
0.025025720164609067
0.27031893004115254
0.31414609053497955
0.0006172839506172838
0.16802616108171659
0.05350529100529099
0.216696061140506
0.08486919459141677
0.06419018224573776
0.5013288751714678
0.21707818930041142
0.7517636684303369
0.34122574955908347
0.3437867430922991
0.13487654320987644
0.030349794238683128
0.6095679012345675
0.016681363903586127
0.020400989613952585
0.49394841269841205
0.3086223789927497
0.4488021751910651
0.04469429747207525
0.10789241622574962
0.03959435626102293
0.010030864197530864
0.5245039682539692
0.2487691064079958
0.255358367626886
0.10713550852439743
0.023883009994121112
0.0011316872427983536
0.43227635704487605
0.06815108759553201
0.31684303350970044
0.2476337448559672
0.07305996472663139
0.330820105820106
0.0
0.3191504997060548
0.007973251028806583
0.0
0.5020269939251423
0.44832084068195205
0.23928938859494447
0.2117798353909468
0.14131148344111324
0.4475149421908674
0.6580246913580254
0.19917695473251054
0.10016166960611417
0.16031011169900067
0.0
0.18868312757201647
0.00038580246913580245
0.26980452674897154
0.033933470507544534
0.002700617283950617
0.004354056437389771
0.0
0.34896139525769204
0.6051954732510286
0.027248677248677262
0.002704291593180482
0.0006172839506172838
0.0
0.02900254752106606
0.5135802469135807
0.0
0.4212448559670793
0.39084362139917866
0.3359690378208906
0.23502351557907164
0.35487213403880125
0.48935185185185304
0.38827160493827323
0.22402263374485612
0.05699588477366251
0.37333921222810196
0.009282529884381736
0.0
0.014115471291397218
0.0641534391534391
0.022633744855967093
0.3827160493827163
0.4077674897119354
0.3493459729570845
0.4151234567901244
0.038041348226533406
0.0
0.004938271604938271
0.3529137272192828
0.004670047031158142
0.022419410150891637
0.4845164609053492
0.548819321967469
0.3567901234567893
0.0
0.0027777777777777775
0.5147633744855973
0.4941578483245143
0.0010288065843621398
0.41309156378600786
0.4157407407407416
0.05190329218106995
0.009565451695081323
0.3518518518518511
0.006485155790711344
0.3780202821869485
0.2878600823045279
0.013007054673721341
0.3929453262786594
0.08119488536155203
0.3207316774446407
0.3197016460905358
0.02340534979423868
0.054868459729570815
0.004409171075837743
0.025720164609053495
0.18703703703703703
0.5749999999999981
0.0017636684303350976
0.23385508524397441
0.04034024103468547
0.019018224573780135
0.018097643097643105
0.00205761316872428
0.07505511463844795
0.43654467960023474
0.28064373897707295
0.5113168724279843
0.006012394669802077
0.13322187928669463
0.11679526748971211
0.016865079365079368
0.0016534391534391538
0.5422325102880657
0.20482436801881237
0.4845679012345677
0.14475798549872632
0.05254262198706637
0.7020576131687242
0.011757789535567307
0.3097442680776019
0.21179085831863617
0.2552910052910054
0.35761316872428006
0.005315500685871058
0.3101851851851857
0.10401234567901231
0.007235939643347054
0.3060699588477376
0.01373456790123457
0.2552910052910054
0.013374485596707812
0.007671957671957671
0.2272119341563788
0.2552910052910054
0.0
0.046898883009994057
0.03831569664902996
0.05720164609053493
0.0
0.004372427983539094
0.008090828924162257
0.002498530276308054
0.0
0.0046149323927101695
0.0005144032921810699
0.0
0.2585537918871253
0.0
0.34691358024691327
0.00038580246913580245
0.0023148148148148147
0.251491769547326
0.017746913580246916
0.6197089947089949
0.20802469135802484
0.0006172839506172838
0.1530472271213012
0.1562830687830688
0.030711101312953154
0.017276601998824224
0.46188271604938475
0.4562757201646091
0.0417952674897119
0.1605452674897121
0.21095679012345778
0.14295634920634934
0.005915637860082305
0.0320522241818538
0.568557711150304
0.0038580246913580245
0.15139256319811883
0.1765652557319225
0.0239895649617872
0.010202331961591218
0.2750808348030578
0.6215608465608466
0.18005584950029443
0.07890946502057612
0.0029461279461279466
0.026025132275132295
0.0045267489711934145
0.6167254556143459
0.004071134626690182
0.003827962161295494
0.0
0.016460905349794237
0.1866144914756027
0.11380560454634518
0.0
0.14117675876935162
0.19162257495590862
0.12312855183225575
0.26039094650205813
0.01671810699588477
0.07021604938271606
0.26895576131687254
0.25226337448559727
0.7005315500685845
0.5129200960219487
0.20812757201646082
0.31887492651381516
0.17325102880658438
0.17371399176954722
0.015065001870557426
0.006944444444444444
0.0
0.37844650205761465
0.30840681951793136
0.5235964138741911
0.0
0.0
0.033744855967078165
0.0
0.009259259259259254
0.014038310797570053
0.0
0.0010288065843621398
0.006790123456790122
0.003380364491475603
0.0
0.18657407407407411
0.0006858710562414269
0.0012345679012345677
0.1723251028806586
0.07798108955516359
0.07798108955516359
0.03145342312008976
0.26790735841661817
0.007054673721340388
0.005179285734841291
0.10112678816382512
0.025362420501309355
0.005521262002743485
0.0013179635864821052
0.166620125416422
0.011702674897119342
0.009779786400156773
0.000841750841750842
0.573816872427983
0.5573265726043497
0.023148148148148157
0.0634376169098391
0.0
0.0
0.02187316284538507
0.029747207524985306
0.04801097393689981
0.009038800705467368
0.004133597883597884
0.056047912992357445
0.040483539094650176
0.0012345679012345677
0.33602292768959424
0.008950617283950616
0.0017636684303350976
0.009876543209876543
0.002700617283950617
0.1450911228689007
0.025000000000000005
0.004510921177587846
0.0
0.04989544920100486
0.015113658632177155
0.004828042328042328
0.0
0.0011316872427983536
0.03137125220458553
0.001206509539842873
0.032010582010581996
0.01194651541873764
0.4483465608465608
0.07521310993533212
0.030570252792475005
0.06449615199615198
0.012808641975308644
0.6871693121693129
0.003821281599059377
0.1469282774838332
0.009318048206937091
0.0015432098765432096
0.3777777777777776
0.009303350970017636
0.46956447187928657
0.0
0.003968253968253968
0.16889329805996428
0.31310993533215736
0.0027777777777777775
0.04785420340975891
0.15858686067019406
0.37346413874191664
0.48019914756025855
0.0
0.5870884773662538
0.19819958847736652
0.1305555555555555
0.0028880070546737214
0.14329805996472694
0.004028267685675093
0.0020576131687242796
0.031966490299823624
0.02243165784832452
0.1844797178130515
0.005731922398589064
0.0
0.521205663335293
0.0
0.006128747795414461
0.007201646090534976
0.15350406623554788
0.009700176366843031
0.009553203997648438
0.0
0.06668136390358613
0.0005144032921810699
0.39943415637860097
0.006584362139917694
0.29582231040564483
0.16474132863021776
0.36084656084656125
0.0
0.02621987066431512
0.015534979423868315
0.0315500685871056
0.3842062601321865
0.3485449735449741
0.012345679012345671
0.3016975308641983
0.4824147560258662
0.0007716049382716049
0.05370370370370362
0.007818930041152262
0.002767979619831472
0.006437389770723103
0.0890799529688417
0.00889182833627278
0.2297545561434451
0.012893819143819145
0.013588040902855718
0.007996632996632997
0.06352145796590238
0.004320987654320986
0.003703703703703703
0.35837742504409204
0.002777777777777777
0.05383597883597879
0.24606848912404466
0.029629629629629624
0.007495590828924162
0.4719135802469133
0.03292181069958847
0.21450617283950693
0.018120468351949838
0.005058299039780522
0.009053497942386827
0.0
0.0
0.21096413874191675
0.015226337448559675
0.06145649617871833
0.0
0.015402704291593178
0.4907113462669029
0.0004409171075837744
0.0008818342151675488
0.008597883597883594
0.035339506172839485
0.03181918390251722
0.3345495296884195
0.09233539094650191
0.003292181069958847
0.025264550264550274
0.059038800705467354
0.0
0.025526205618798207
0.0
0.0
0.012213403880070544
0.0027434842249657075
0.04244539753799012
0.06061140505584946
0.016049382716049384
0.007134283754654126
0.03268665490887712
0.1944958847736628
0.0
0.04438565549676656
0.08182686654908879
0.02105379188712524
0.04234641387419161
0.3106995884773661
0.06873162845385063
0.03717376587746955
0.011757789535567314
0.0221009700176367
0.008847736625514403
0.0831284627580923
0.04629629629629625
0.01945179306290418
0.0037110523221634325
0.04035371350186163
0.03603027630805406
0.21715902410346863
0.13362972761120923
0.01942607289829513
0.1046397618156876
0.008487654320987654
0.003703703703703703
0.0030864197530864213
0.21676954732510292
0.003527336860670195
0.3002229080932788
0.014802567117381935
0.0038580246913580245
0.03763962375073483
0.0006172839506172838
0.21718106995884845
0.3489711934156382
0.013031550068587106
0.0775720164609053
0.0027557319223985893
0.23163580246913598
0.0
0.0016534391534391538
0.02674585359770541
0.0026455026455026462
0.05159465020576128
0.00556657848324515
0.0
0.07135508524397405
0.032407407407407406
0.2076425631981185
0.050384577699392474
0.09470164609053494
0.005144032921810698
0.31152508328434303
0.4222736625514405
0.37870370370370504
0.38851811768478384
0.5373432294728604
0.02513227513227515
0.12824074074074068
0.1759994121105232
0.13614707480448232
0.5735596707818923
0.6171663727219276
0.1648956496178718
0.1768665490887713
0.0388514777403666
0.3880658436213999
0.3882716049382733
0.0
0.1859751616696064
0.012951940035273368
0.5535089653145211
0.26117724867724895
0.05812757201646089
0.1838918283362725
0.02303791887125222
0.2212742504409174
0.01666666666666667
0.12993092298647865
0.035288065843621375
0.36378600823045454
0.02384626690182247
0.09426807760141095
0.2920340975896535
0.12702087007642554
0.010067607289829509
0.33523662551440375
0.38487654320987724
0.011845972957084065
0.028780864197530866
0.5050889182833622
0.0
0.3662551440329223
0.20087448559670792
0.0013717421124828538
0.14238683127572058
0.0
0.23446502057613186
0.0766424162257495
0.3295830883793851
0.0007716049382716049
0.012345679012345685
0.10172937487752298
0.0
0.3090094062316289
0.1279467960023516
0.15185920047031146
0.19845311581422706
0.5812573486184591
0.544495884773661
0.048660101900842585
0.16286008230452687
0.0269216637272193
0.21237507348618487
0.2939814814814817
0.5327687144816786
0.0027924750146972373
0.007126044394562916
0.05712326082696451
0.0
0.5343621399176958
0.523765432098765
0.0013888888888888887
0.2425925925925935
0.38016975308641987
0.3464567411326678
0.3601508916323733
0.041100823045267465
0.0045267489711934145
0.08672839506172829
0.384773662551442
0.46917254556143473
0.009196796002351555
0.05874485596707817
0.36728395061728586
0.004149519890260631
0.04804526748971182
0.04343033509700176
0.4657701352145787
