0.0
0.2397119341563788
0.34593621399176977
0.004012345679012344
0.1993827160493827
0.3753086419753104
0.5601851851851865
0.0
0.3679012345679028
0.6238352439741318
0.21311728395061755
0.09012345679012344
0.0
0.20816798941798972
0.7299382716049401
0.029504703115814202
0.4509259259259268
0.03378894767783656
0.0
0.07495590828924163
0.5687389770723106
0.0
0.0
0.3890946502057606
0.662654320987652
0.0
0.561103762492651
0.44801587301587287
0.26746031746031823
0.07231040564373899
0.41512345679012286
0.12404467960023521
0.02674897119341565
0.1733539094650208
0.6600529100529111
0.0018518518518518515
0.4059560552616109
0.2930996472663144
0.003172153635116599
0.32911522633744944
0.18583186360964163
0.0063786008230452655
0.45546737213403954
0.6600529100529111
0.6221193415637851
0.04835390946502052
0.4119268077601411
0.6770723104056459
0.1547067901234571
0.02035567313345091
0.6310185185185168
0.6409758965314518
0.050771604938271535
0.0
0.1051807760141094
0.4275205761316877
0.10946502057613192
0.5036008230452682
0.4118165784832458
0.4199074074074072
0.4873269734380845
0.2886904761904769
0.6986111111111096
0.01198559670781893
0.12874779541446194
0.05281819517930629
0.003968253968253969
0.46682098765432123
0.004115226337448559
0.0
0.715079365079364
0.4230599647266319
0.0
0.5547325102880661
0.25587154614932417
0.5509332745443851
0.002204585537918872
0.1461640211640211
0.15860523221634362
0.0
0.0
0.2797325102880663
0.09544018224573779
0.006558641975308645
0.00257201646090535
0.3296222810111703
0.41651234567901285
0.447527189888301
0.023827895355673156
0.6979717813051158
0.0
0.007054673721340385
0.21503894767783643
0.03826793062904172
0.6266754850088169
0.28234616892024333
0.09989711934156381
0.2941093029055988
0.06656011169900054
0.0
0.47920340975896564
0.010949441504997057
0.49602072310405654
0.6238352439741317
0.2501886145404668
0.06665196942974724
0.25401234567901343
0.3085905349794246
0.2219466490299826
0.2851851851851857
0.47397119341563987
0.02101704879482659
0.04442239858906526
0.0
0.33894500561167157
0.08950617283950617
0.6600529100529111
0.08559670781893014
0.5778806584362135
0.19958847736625543
0.13132716049382723
0.1894473838918288
0.4049382716049385
0.27771898883009993
0.6097148736037626
0.041225749559082855
0.10742945326278658
0.0009553203997648442
0.4700617283950615
0.1656231628453845
0.24444444444444477
0.05005878894767779
0.0
0.0194370958259847
0.036057221242406415
0.020061728395061738
0.4489271017048793
0.5938969723691955
0.006999559082892418
0.20344650205761314
0.28004360180286125
0.542695473251029
0.2704755892255894
0.16166960611405112
0.2212448559670786
0.26461150303742925
0.0
0.6547766019988239
0.03713991769547326
0.4197677836566726
0.16287110523221585
0.008774250440917106
0.024029982363315713
0.0
0.0
0.013411228689006465
0.02009847148736038
0.3843327454438575
0.4854166666666665
0.0
0.02292768959435627
0.10588735681328275
0.0
0.5902777777777777
0.33919385655496764
0.5394988242210467
0.0
0.5512566137566143
0.003703703703703703
0.525279247501469
0.011047423084460122
0.18152557319223964
0.004320987654320986
0.016901822457378014
0.0066137566137566125
0.0
0.0
0.011316872427983534
0.17674039780521286
0.4981481481481487
0.4684523809523802
0.1357583774250446
0.0848765432098764
0.1935809817754264
0.32870370370370416
0.37880658436213865
0.40226337448559685
0.389222026259063
0.5769694297472059
0.039315108759553165
0.3712962962962969
0.5456055261610809
0.16566725455614348
0.4894547325102894
0.07885802469135794
0.6533950617283938
0.0
0.3065182245737804
0.3081826866549091
0.4213501861650014
0.3161669606114052
0.0
0.14039780521262052
0.007098765432098765
0.22222222222222285
0.006407995296884182
0.1806069958847738
0.6752498530276304
0.1372672937487756
0.0
0.6397119341563773
0.005787037037037037
0.0
0.7805555555555576
0.017232510288065845
0.669694297472075
0.3787037037037048
0.46090902410346757
0.1923868312757202
0.021310993533215777
0.020679012345679017
0.24628159905937752
0.0
0.009979423868312751
0.20874485596707865
0.3165637860082305
0.2603370566333527
0.26715902410346887
0.28613683127572026
0.2666666666666669
0.0
0.19320987654320995
0.5134920634920638
0.03271604938271606
0.0
0.16656378600823044
0.4074074074074075
0.0
0.41309033901626524
0.011022927689594352
0.3059156378600831
0.5113168724279836
0.1849610523221635
0.402918626298256
0.0
0.6188271604938269
0.26327895355673187
0.0015432098765432098
0.396807025279248
0.017489711934156375
0.6360082304526746
0.008495002939447384
0.022946061140505604
0.6118827160493796
0.17505144032921818
0.4861111111111105
0.1935809817754264
0.14366549088771333
0.2728909465020575
0.4153806584362136
0.44465020576131714
0.3446942974720753
0.36588771310993673
0.07442680776014113
0.03820546737213402
0.0020576131687242796
0.8255744170096014
0.5112139917695475
0.39427175191064057
0.35889917695473283
0.24475308641975377
0.555335097001763
0.0
0.0
0.0019106407995296885
0.0
0.6755768665490907
0.32493753674309306
0.22154614932392777
0.2131687242798357
0.12505633940819152
0.5216661767587703
0.7340534979423893
0.3896237507348603
0.4153071722516171
0.0
0.0
0.041666666666666664
0.0
0.5788139329805988
0.005291005291005292
0.0
0.0007716049382716049
0.0017636684303350976
0.43927591612776784
0.5243312757201645
0.07752792475014696
0.0005144032921810699
0.0
0.01342592592592593
0.02652851263962377
0.42633744855967215
0.0034293552812071347
0.4479938271604942
0.36481481481481515
0.44273589065255725
0.18909465020576163
0.21337448559670846
0.49027777777777837
0.4068930041152269
0.4861111111111111
0.029629629629629634
0.10699588477366245
0.0
0.0
0.02020202020202019
0.021972369194591418
0.016382520086223793
0.16378600823045283
0.47896090534979513
0.3546933176562824
0.4197016460905353
0.007201646090534976
0.0
0.0032701352145796596
0.45980305702527907
0.0
0.169891485400745
0.5151381540270425
0.8191504997060579
0.5154320987654324
0.011008230452674895
0.04372427983539095
0.2445987654320992
0.46840094062316223
0.0
0.5338183421516746
0.08580246913580239
0.25354938271604954
0.0029578189300411522
0.35370370370370363
0.007201646090534976
0.3684536057221238
0.17592592592592618
0.0069958847736625515
0.3256172839506173
0.39130658436214033
0.4559450323339217
0.5782921810699593
0.09645061728395056
0.4742283950617286
0.0
0.00668724279835391
0.01301440329218107
0.3579732510288075
0.0
0.0
0.05229276895943557
0.16136831275720195
0.027091906721536343
0.0
0.020296884185773093
0.359321722516167
0.30792181069958924
0.41831275720164635
0.0
0.16598691945914193
0.1336676954732513
0.0
0.0
0.473148148148149
0.020355673133450925
0.21913580246913586
0.07156084656084655
0.8195914168136417
0.659362139917695
0.09243827160493824
0.5204291593180483
0.40716122868900645
0.12389770723104053
0.4732436801881239
0.0018518518518518515
0.024882422104644343
0.7727072310405675
0.00608710562414266
0.45308641975308656
0.08068783068783057
0.12389770723104053
0.0141277189888301
0.00767318244170096
0.47670977856163027
0.12389770723104053
0.0
0.0025720164609053494
0.0005144032921810699
0.003086419753086419
0.0
0.0
0.012037037037037039
0.0
0.0
0.0
0.0
0.0
0.5623971193415637
0.0024801587301587305
0.5507936507936504
0.06358024691358019
0.0
0.139315108759553
0.0
0.5561728395061722
0.4641828336272789
0.008641975308641974
0.4528120713305901
0.22304526748971207
0.07638888888888885
0.009259259259259259
0.5398148148148151
0.3428497942386832
0.00973691945914168
0.5016338428375461
0.2043209876543221
0.004776601998824219
0.0
0.0
0.7694003527336891
0.0
0.012639623750734859
0.06841563786008228
0.0906819517930628
0.010049235743680185
0.19495884773662578
0.6020061728395053
0.20812757201646123
0.21388888888888985
0.12257495590828942
0.34714873603762453
0.0
0.5815696649029983
0.0018518518518518515
0.31696061140505605
0.0
0.0
0.36816578483245266
0.2596707818930044
0.11973838918283365
0.20054379776601974
0.1996178718400945
0.0
0.007789535567313343
0.04855967078189296
0.06327160493827161
0.28086419753086356
0.24768518518518562
0.7760141093474408
0.49798035469331775
0.4960317460317445
0.21183127572016436
0.5001286008230453
0.023875661375661387
0.015015677052714092
0.08132716049382713
0.0
0.14947089947089992
0.25352733686067025
0.50299456202234
0.0
0.0
0.0
0.0
0.017827748383303938
0.0
0.0
0.006025867136978247
0.0
0.0
0.0
0.3621766607877731
0.010606060606060605
0.0
0.48348765432098784
0.00699588477366255
0.00699588477366255
0.01058201058201058
0.20411522633744916
0.0
0.09567901234567885
0.09648736037624919
0.0026063100137174214
0.058531746031746046
0.0
0.06630291005291
0.0
0.0
0.0
0.4989197530864194
0.5304012345679006
0.10679012345679006
0.06944444444444446
0.004204634528708603
0.0
0.0
0.005309376837154614
0.0
0.0006172839506172838
0.004041740152851265
0.05509259259259259
0.009053497942386832
0.009104938271604938
0.5878894767783656
0.0
0.0
0.003086419753086419
0.003086419753086419
0.009803057025279241
0.00102880658436214
0.0
0.010956790123456793
0.0
0.0008818342151675488
0.0
0.0
0.0
0.15648148148148172
0.003086419753086419
0.006613756613756613
0.0
0.5096266901822448
0.0
0.019753086419753096
0.0
0.0019106407995296885
0.7393445032333924
0.0
0.07921810699588461
0.019135802469135807
0.0
0.5111111111111112
0.02880658436213993
0.13095238095238082
0.0
0.0
0.062169312169312145
0.010288065843621394
0.0
0.0
0.03662551440329215
0.1539241622574955
0.5529982363315699
0.0
0.6831790123456806
0.023919753086419766
0.3239711934156384
0.0018518518518518515
0.45311581422692504
0.0017636684303350976
0.0
0.0030864197530864213
0.1798353909465018
0.2705761316872429
0.0
0.0
0.5018922692533802
0.0020576131687242796
0.0
0.4905864197530863
0.12551440329218094
0.001984126984126984
0.004938271604938271
0.0
0.2453703703703713
0.0
0.5065990593768372
0.03597883597883596
0.33971193415637896
0.05997942386831267
0.3136096413874198
0.0
0.04346707818930038
0.015461493239271014
0.006613756613756613
0.3156709288653751
0.40485008818342216
0.0
0.29565696649029977
0.4861478542034097
0.004174015285126395
0.0
0.1484567901234568
0.0030864197530864213
0.006172839506172838
0.0820105820105819
0.055555555555555525
0.3860082304526752
0.0010288065843621398
0.062150940623162836
0.0
0.0
0.0
0.0
0.4484126984126984
0.0
0.02004703115814228
0.12492651381540283
0.0012345679012345677
0.0
0.46255144032921813
0.0
0.3367724867724872
0.01557907113462669
0.02555849500293946
0.009773662551440323
0.0
0.006944444444444443
0.15873015873015894
0.0
0.016049382716049387
0.01429306290417401
0.029320987654320976
0.6038065843621395
0.04350382128159901
0.0
0.0
0.007936507936507936
0.0
0.31486625514403316
0.3893004115226341
0.06719576719576714
0.0
0.00819370958259847
0.1775793650793651
0.006172839506172843
0.012345679012345678
0.0040784832451499125
0.025102880658436223
0.012094601214971586
0.02395331006442113
0.0483539094650205
0.06597222222222224
0.014880952380952385
0.0030864197530864196
0.03909465020576133
0.0
0.038683127572016425
0.34295267489711895
0.022682735645698598
0.008950617283950616
0.44110082304526754
0.03788212815990594
0.0
0.01489932392710171
0.01712228101116991
0.16666666666666666
0.08641975308641964
0.2507716049382717
0.0021604938271604936
0.05472883597883599
0.01409097589653145
0.003968253968253969
0.41358024691358136
0.21265432098765455
0.0
0.06430041152263365
0.0
0.0
0.021470213599843236
0.05246913580246915
0.0015432098765432096
0.3307613168724276
0.009747942386831271
0.005041152263374485
0.04027042915931802
0.026344797178130524
0.04666617675876933
0.4659979423868311
0.001469723691945914
0.190784832451499
0.008274544385655497
0.37674897119341644
0.0
0.004133597883597884
0.010612295797480985
0.002160493827160493
0.026526063100137165
0.012139917695473247
0.0
0.10462962962962993
0.0006172839506172838
0.6145502645502643
0.006246325690770135
0.37829218106995954
0.0
0.3867871840094069
0.3775573192239854
0.43991769547324944
0.33380097268986214
0.6663727219282785
0.03780864197530865
0.45473251028806605
0.08090828924162251
0.2541580932784637
0.36419753086419604
0.44852292768959456
0.12132569077013526
0.14621668626298295
0.011538221723406912
0.43132716049382736
0.4223251028806589
0.0
0.2071759259259261
0.005731922398589066
0.6517546496713148
0.33173868312757243
0.11046443268665478
0.2085390946502054
0.0
0.38688271604938324
0.4000000000000016
0.1881687242798353
0.04262688614540461
0.429526748971195
0.017798353909465027
0.004938271604938271
0.4568525867136979
0.11258083480305711
0.0
0.21549211248285344
0.3903292181069978
0.1030460023515578
0.004850088183421517
0.5608771800901433
0.0
0.48122427983539146
0.26388888888889006
0.00034293552812071344
0.1751665686850878
0.0004409171075837744
0.39880952380952445
0.07697065451695072
0.5307176705324869
0.0
0.005144032921810699
0.24795463452870903
0.0
0.40544165196942983
0.13511292377033152
0.011610817166372722
0.031335733882030134
0.6429159318048211
0.5137051734273953
0.06128747795414451
0.2194444444444449
0.04500872926798848
0.41071428571428603
0.19495884773662597
0.581979962767
0.0063786008230452655
0.015483539094650204
0.02935528120713307
0.00034293552812071344
0.5715020576131679
0.5234053497942386
0.0
0.33045267489712044
0.38366769547325197
0.3725161669606126
0.4171626984126988
0.004835390946502057
0.0
0.026469723691945925
0.41229423868312814
0.3230195473251038
0.23954291593180518
0.0006172839506172838
0.42515432098765565
0.12375073486184612
0.007921810699588477
0.1200274348422496
0.5611111111111087
