0.11845238095238089
0.22851562500000036
0.5010230654761901
0.02218191964285714
0.19938151041666674
0.3152994791666671
0.5511067708333329
0.004817708333333333
0.4078125000000014
0.4486576140873015
0.2914760044642859
0.08671875000000004
0.008630952380952385
0.15813337053571427
0.45119047619047653
0.12340057945526683
0.20543154761904772
0.02641834077380954
0.005766369047619046
0.00502232142857143
0.43936011904761907
0.03920200892857144
0.01011439732142857
0.3169441344246031
0.6494791666666663
0.029459635416666678
0.6158854166666663
0.195498511904762
0.44222470238095246
0.2930059523809522
0.2681640625000003
0.2979089161706352
0.006696428571428572
0.02760416666666668
0.4605096726190476
0.0
0.302191840277778
0.1706085689484127
0.002126736111111112
0.3532552083333342
0.16189546130952384
0.0
0.21365947420634926
0.4605096726190476
0.6362630208333332
0.12639508928571425
0.651395089285715
0.2959449404761908
0.06169394841269833
0.028041294642857147
0.649023437499999
0.4751860119047619
0.126078869047619
0.0
0.024702380952380965
0.03754340277777771
0.015090215773809517
0.3004200768849208
0.18178943452380955
0.2516570560515873
0.34029637896825404
0.17743210565476222
0.6980468749999997
0.0286380828373016
0.05497426835317456
0.003952752976190476
0.0324745783730159
0.39242621527777805
0.007341833513708514
0.05695064484126977
0.7143322172619045
0.2593098958333335
0.018874007936507946
0.1307105654761904
0.06973896329365079
0.3809244791666667
0.00048828125
0.17226562499999998
0.14355468749999997
0.0
0.004371279761904762
0.6518415178571422
0.03218005952380955
0.09803602430555543
0.011235119047619046
0.1034226190476189
0.3307849702380956
0.4013020833333332
0.0
0.001984126984126985
0.0961681547619046
0.02253069196428573
0.03200799851190478
0.017299107142857144
0.38009207589285676
0.17513175843253967
0.0872752356150793
0.19468005952380968
0.10658482142857133
0.0
0.3094091021825402
0.11874999999999988
0.4853794642857139
0.44865761408730154
0.07042100694444445
0.014978890467171714
0.03072916666666668
0.29427083333333376
0.1703280009920636
0.1333984375
0.40374348958333367
0.031640624999999964
0.14665798611111105
0.004464285714285716
0.3331659226190476
0.012151227678571425
0.4605096726190476
0.05348772321428571
0.17701357886904753
0.02272135416666667
0.22187500000000013
0.5009672619047619
0.0979662698412696
0.1500248015873016
0.414612785218254
0.015082465277777783
0.13448660714285723
0.021042596726190483
0.4266462053571435
0.0
0.2377790178571432
0.1394856770833333
0.0
0.0012152777777777778
0.040203373015873005
0.02498139880952379
0.5399693080357143
0.40673673115079445
0.011672247023809522
0.01966610863095239
0.12143787202380933
0.52739025297619
0.3552532862103174
0.20240702223124082
0.15565786210317453
0.434686569940476
0.02022879464285715
0.5839611235119048
0.3811848958333338
0.415783110119048
0.044549851190476185
0.0
0.013591269841269838
0.0
0.05457589285714284
0.001674107142857143
0.0005580357142857145
0.2821335565476193
0.3384998139880957
0.0
0.008897569444444446
0.07631448412698402
0.04881417410714284
0.3541852678571428
0.30750868055555597
0.49944661458333245
0.028125000000000008
0.35737537202380965
0.006882440476190475
0.42498139880952396
0.02530536954365081
0.07083333333333326
0.02762276785714287
0.030664062500000012
0.005338541666666665
0.003906249999999999
0.0
0.030467199900793676
0.2754958908279223
0.12600911458333322
0.47814360119047616
0.1793356274801592
0.12294456845238087
0.047637648809523814
0.29010416666666666
0.3713541666666655
0.15917968750000017
0.5551013764880949
0.47938988095238116
0.03256138392857146
0.34911644345238113
0.4522693452380957
0.4197668650793651
0.5404110863095237
0.24076915922619163
0.6043061755952374
0.009691220238095238
0.4668433779761902
0.335728236607143
0.4099540325126259
0.31231398809523836
0.0
0.4445684523809528
0.07531156994047612
0.342447916666667
0.10754278273809521
0.05423177083333334
0.5468750000000006
0.1396980406746034
0.0
0.5952380952380946
0.1046874999999999
0.020996093750000003
0.4718967013888891
0.02089843750000001
0.6050967261904757
0.054947916666666596
0.4765624999999998
0.1259765625000001
0.0
0.054008556547619005
0.18845796130952364
0.006249999999999999
0.0022553943452380955
0.362909226190476
0.34928385416666613
0.33915240575396827
0.20494791666666676
0.42773437500000017
0.3437499999999992
0.10278862847222213
0.005696614583333332
0.4718610491071433
0.3654296875
0.025809151785714298
0.26139322916666724
0.32005208333333357
0.0
0.10064019097222218
0.05828528025793647
0.2333984375000001
0.0911272321428571
0.08124069940476186
0.5112521701388888
0.2317708333333331
0.7523251488095252
0.3876116071428576
0.34347098214285765
0.14619605654761897
0.0
0.6536458333333331
0.021112351190476192
0.02582000248015874
0.4853701636904764
0.2978515625000002
0.4650948660714301
0.047637648809523814
0.10062003968253963
0.044921875000000014
0.01171875
0.5343176463293654
0.2455310639880954
0.25768849206349187
0.11125837053571427
0.026711309523809533
0.0
0.42596726190476203
0.05608258928571432
0.32082558283730167
0.27877604166666675
0.07663690476190475
0.36940569196428574
0.0
0.3419828869047617
0.00852864583333333
0.0
0.4783141121031739
0.4743071056547622
0.25961681547619037
0.2106677827380951
0.13202194940476206
0.49267578124999967
0.7131541418650803
0.19583333333333353
0.09942336309523825
0.177715773809524
0.0
0.21145833333333336
0.00048828125
0.3029622395833338
0.03843315972222218
0.0029296875
0.003557477678571429
0.0
0.3501209077380955
0.600911458333333
0.022274925595238103
0.003422619047619047
0.0
0.0
0.024181547619047623
0.536011904761905
0.0
0.4001953125000008
0.3761718750000011
0.3581659226190486
0.2303571428571429
0.38725818452381
0.48534226190476343
0.4125000000000012
0.19335937500000022
0.06145833333333329
0.3735258556547626
0.005533854166666668
0.0
0.013904389880952377
0.07452101934523804
0.018508184523809524
0.41205357142857135
0.3942057291666674
0.35969122023809563
0.4018229166666674
0.03611731150793651
0.0
0.005468749999999999
0.36977306547619004
0.005910528273809524
0.020075334821428568
0.5245442708333323
0.5626705109126976
0.36966145833333286
0.0
0.0035156249999999997
0.5029296875000008
0.5237397693452377
0.001302083333333333
0.44544270833333305
0.39804687500000063
0.05826822916666666
0.00992063492063492
0.3593749999999997
0.007556733630952378
0.37097749255952356
0.27916666666666734
0.015322730654761904
0.3958705357142856
0.08620721726190475
0.32664310515873035
0.3148096478174606
0.022135416666666664
0.06609468005952378
0.0
0.03255208333333333
0.20351562499999998
0.5661458333333311
0.002232142857142858
0.2108909970238096
0.04659598214285713
0.021986607142857145
0.020566998106060615
0.002604166666666667
0.06038876488095237
0.4921502976190477
0.3008091517857147
0.5423177083333347
0.006741381448412699
0.14028862847222234
0.12160373263888882
0.021344866071428575
0.002092633928571429
0.5405598958333337
0.21561104910714265
0.4817708333333329
0.14170696924603177
0.05943080357142851
0.7115885416666667
0.014229910714285707
0.3318452380952386
0.20224144345238088
0.2450706845238097
0.4000000000000001
0.006727430555555558
0.35416666666666735
0.12382812499999989
0.009157986111111115
0.3123883928571437
0.014453125
0.2450706845238097
0.016927083333333325
0.009709821428571427
0.2582682291666668
0.2450706845238097
0.0
0.05701264880952374
0.04068080357142855
0.05312499999999995
0.0
0.004752604166666666
0.008482142857142856
0.0031622023809523806
0.0
0.005840773809523808
0.0006510416666666665
0.0
0.27413039434523795
0.0
0.3870442708333328
0.00048828125
0.0029296875
0.26992187500000075
0.022460937500000003
0.6437593005952381
0.24309895833333342
0.0007812499999999998
0.17006758432539681
0.1772879464285715
0.019073970734126984
0.02186569940476191
0.47180989583333444
0.45084635416666685
0.04968843005952377
0.18873697916666682
0.20963541666666732
0.1590913318452382
0.0048828125
0.0370938740079365
0.6059957837301585
0.0
0.1682710193452381
0.19821428571428581
0.023790922619047628
0.006727430555555556
0.29027932787698457
0.6358723958333333
0.17950148809523842
0.0583333333333333
0.0037286931818181824
0.02849702380952383
0.003776041666666666
0.6645275297619052
0.005152529761904762
0.0038682021103896105
0.0
0.019531249999999997
0.19822823660714303
0.10025576636904746
0.0
0.13316747271825405
0.21158854166666696
0.1237661210317461
0.27408854166666663
0.019856770833333332
0.06445312500000003
0.2690429687500002
0.22734375000000018
0.7074652777777757
0.5093765500992065
0.19811197916666662
0.36256045386904745
0.20247395833333334
0.2054687499999999
0.017764559659090913
0.0009765625
0.0
0.38650483630952565
0.3156250000000007
0.5583519345238089
0.0
0.0
0.04192708333333331
0.0
0.010416666666666661
0.01402529761904762
0.0
0.001302083333333333
0.005729166666666665
0.0010463169642857145
0.0
0.18976934523809522
0.0
0.0015624999999999997
0.13496093749999993
0.08634827628968249
0.08634827628968249
0.03459990530303028
0.27848307291666674
0.006696428571428572
0.0035156249999999992
0.10831163194444433
0.026199494949494924
0.005240885416666667
0.0016680476641414144
0.18706442212301602
0.014811197916666668
0.005586557539682541
0.0010653409090909094
0.6077473958333329
0.5456938244047616
0.02597656250000001
0.07153764204545449
0.0
0.0
0.02768322172619048
0.023623511904761915
0.045704675099206324
0.011439732142857137
0.005231584821428572
0.0673828125
0.04531249999999997
0.0
0.3319568452380953
0.006901041666666665
0.002232142857142858
0.00546875
0.0029296875
0.16201636904761918
0.031640625000000006
0.00505809294871795
0.0
0.0601642823322512
0.015625
0.005329241071428572
0.0
0.0014322916666666663
0.037751116071428566
0.0015269886363636362
0.01692708333333333
0.008737909226190475
0.4895461309523822
0.07280040922619045
0.03470982142857143
0.07030235389610386
0.014453125000000002
0.7434895833333339
0.004836309523809524
0.1557105654761906
0.007886904761904758
0.0019531249999999996
0.3838541666666666
0.010100446428571426
0.4785543774801586
0.0
0.004464285714285714
0.16517857142857126
0.2950148809523808
0.001953125
0.05009300595238091
0.1534505208333333
0.350492931547619
0.47511470734127004
0.0
0.6138671874999981
0.20162760416666684
0.13437499999999983
0.0028738839285714288
0.14239211309523825
0.00509827628968254
0.001302083333333333
0.038225446428571425
0.02839006696428572
0.18309151785714328
0.007254464285714284
0.0
0.5503317212301586
0.0
0.007756696428571428
0.008463541666666663
0.16335875496031763
0.010044642857142856
0.00548735119047619
0.0
0.07559523809523809
0.0006510416666666665
0.4108134920634922
0.008333333333333331
0.2973710317460323
0.17736235119047636
0.364527529761905
0.0
0.03318452380952382
0.019661458333333336
0.03689236111111109
0.39627722537878834
0.38885788690476236
0.01562499999999999
0.3087890625000006
0.5110212053571429
0.0
0.05937499999999992
0.005273437499999999
0.003069196428571429
0.0073660714285714276
0.08881603422619035
0.010695684523809522
0.23384486607142838
0.011618557224025976
0.015895280934343434
0.00907442167207792
0.07367931547619042
0.005468749999999999
0.004687499999999999
0.40332031250000044
0.0011718749999999997
0.05015811011904757
0.24542875744047607
0.028125000000000015
0.008928571428571428
0.4977864583333333
0.03893229166666667
0.22187500000000068
0.02145337301587302
0.004665798611111112
0.010249255952380947
0.0
0.0
0.22232142857142875
0.0048828125
0.05686383928571421
0.0
0.01871279761904762
0.5039248511904765
0.0005580357142857145
0.001116071428571429
0.010230654761904757
0.030013020833333334
0.03550121753246752
0.3159086681547625
0.09485677083333319
0.004166666666666666
0.030301339285714303
0.055575706845238076
0.0
0.028029739357864358
0.0
0.0
0.006882440476190474
0.0034722222222222238
0.04626256989538237
0.07109374999999994
0.01627604166666666
0.009029327876984128
0.03759300595238095
0.2094401041666668
0.0
0.05617559523809518
0.0922340029761905
0.02273995535714287
0.05359468005952375
0.3001302083333334
0.06076543898809518
0.04099335993867241
0.012493799603174604
0.022460937500000003
0.010416666666666664
0.09901470057720047
0.051562499999999956
0.0212983630952381
0.0023484002976190475
0.042998201884920616
0.04077380952380951
0.22431175595238093
0.13886408730158714
0.021237909226190475
0.11133798926767663
0.010184151785714286
0.004687499999999999
0.0016741071428571434
0.20468750000000016
0.004464285714285716
0.27748945932539715
0.015869915674603174
0.0048828125
0.03431919642857144
0.0
0.21842447916666716
0.3565104166666669
0.009765625
0.0856119791666666
0.0034877232142857145
0.2293619791666669
0.0
0.0
0.030717329545454503
0.003348214285714287
0.052198040674603145
0.005998883928571428
0.0
0.07149057539682534
0.0
0.20998883928571427
0.04882812499999997
0.05416666666666664
0.006510416666666664
0.31663876488095277
0.4284505208333333
0.39511718750000113
0.4048946496212115
0.5365125868055557
0.028273809523809548
0.08971354166666658
0.171484375
0.1248034192370128
0.5602864583333343
0.6336495535714282
0.19798177083333332
0.16754092261904766
0.04105113636363634
0.4007626488095244
0.41250000000000125
0.0
0.20315755208333358
0.016392299107142856
0.6109250992063495
0.2797619047619048
0.06868489583333329
0.19773065476190443
0.029157366071428593
0.2503255208333336
0.021093750000000005
0.11419270833333331
0.0372395833333333
0.39583333333333476
0.018108258928571423
0.10984002976190477
0.3002139136904764
0.14348493303571405
0.008835565476190474
0.33314732142857173
0.3868489583333342
0.012909226190476186
0.03336588541666668
0.5032009548611114
0.0
0.3636904761904765
0.1973307291666667
0.0008680555555555559
0.154166666666667
0.0
0.2583333333333335
0.06942894345238092
0.34356243799603187
0.0
0.013888888888888895
0.09259517609126984
0.0
0.3140578497023811
0.13525855654761915
0.16559709821428562
0.1929780505952381
0.673665364583333
0.6074869791666652
0.047045510912698374
0.14999999999999988
0.028501674107142872
0.22845517113095254
0.3402343750000002
0.5678245907738099
0.003534226190476191
0.00901889993686869
0.05884951636904755
0.0
0.5319661458333342
0.5076822916666676
0.0017578124999999998
0.2376302083333336
0.39531715029761916
0.33527405753968276
0.3635974702380954
0.04285094246031744
0.005729166666666665
0.0760416666666666
0.4083333333333346
0.4498604910714291
0.010500372023809521
0.043359375000000006
0.3875000000000013
0.004470486111111111
0.04813368055555546
0.054966517857142856
0.4801897321428574
