0.0
0.23181818181818165
0.35817591499409696
0.0
0.1600550964187328
0.39256198347107407
0.6212121212121211
0.0
0.3776859504132225
0.6392004460186279
0.2655647382920108
0.09118457300275483
0.0
0.21546635182998802
0.7449822904368354
0.023842319296864756
0.4641479732388827
0.038173947264856345
0.0
0.10448642266824078
0.5356946084218813
0.0
0.0
0.37768595041322334
0.6844352617079884
0.0
0.6071920503738686
0.4004329004329004
0.31404958677685935
0.09240456513183785
0.43939393939393945
0.04978354978354982
0.033648170011806366
0.15151515151515155
0.7277646595828405
0.0
0.42612816476452825
0.3375803489439852
0.0057392102846648314
0.3702479338842974
0.1710743801652892
0.007438016528925618
0.47839433293978784
0.7277646595828405
0.6431129476584021
0.028335301062573776
0.4197166469893747
0.6937426210153483
0.20036402990948435
0.019332939787485244
0.645179063360882
0.6859110586383312
0.05918929555293194
0.0
0.10413223140495867
0.4560606060606057
0.08264462809917353
0.5016528925619834
0.42857142857142894
0.429004329004329
0.4672051089406465
0.3313328086055356
0.7169421487603301
0.018181818181818177
0.12327823691460049
0.06404958677685951
0.0011806375442739083
0.45277449822904364
0.0
0.0
0.7404958677685949
0.45470287288469147
0.0
0.5250688705234159
0.2492129083038173
0.5651318378591107
0.0
0.1844549390003934
0.1529122392758756
0.0
0.0
0.33587170405352224
0.11747343565525387
0.0
0.006887052341597796
0.3310212514757968
0.4132231404958678
0.4414797323888232
0.00708382526564345
0.7284533648170006
0.0
0.014954742227469495
0.278482880755608
0.045602125147579706
0.6221959858323494
0.2958644890463071
0.10977961432506878
0.31048501544369284
0.033172635445362725
0.0
0.5029515938606846
0.017709563164108617
0.4806768988587166
0.6392004460186281
0.2532139577594121
0.06178669815033454
0.27396694214875994
0.34449035812672174
0.21635182998819347
0.2652892561983468
0.4898071625344349
0.040928768201495484
0.06419716646989375
0.0
0.360651974288338
0.06391184573002757
0.7277646595828405
0.12479338842975203
0.5997245179063361
0.21101928374655626
0.14449035812672165
0.19559228650137742
0.37809917355371975
0.23927587563951197
0.6148333989243079
0.02912239275875638
0.13311688311688313
0.0011806375442739083
0.5041322314049586
0.15820543093270356
0.2454545454545454
0.06143250688705239
0.0
0.026843106388560942
0.032073986619441164
0.012987012987012988
0.48374655647382936
0.6275580480125932
0.006198347107438017
0.22176308539944903
0.27180899908172607
0.5823691460055093
0.2558978211870779
0.1894431326249507
0.23700642791551865
0.26654532336350506
0.0
0.7047619047619044
0.009504132231404958
0.4933490751672573
0.17686606322969975
0.017434081070444703
0.02912239275875638
0.0
0.0
0.017414403778040138
0.024203069657615105
0.40299094844549394
0.46735537190082665
0.0
0.005312868949232586
0.1270512086627788
0.0
0.6238193624557261
0.32274039092220896
0.5732782369146
0.0
0.5751180637544271
0.006611570247933882
0.5426210153482878
0.008592417683326777
0.17489177489177474
0.0
0.022038567493112938
0.0
0.0
0.0
0.0153482880755608
0.1901974288337923
0.4818181818181817
0.47012987012987056
0.1366883116883116
0.09179456906729634
0.20498819362455717
0.44242424242424233
0.38505509641873303
0.3767217630853994
0.37391118982028043
0.5722550177095632
0.05401416765053128
0.5165289256198345
0.5452971271153094
0.045651318378591106
0.5002295684113863
0.10743801652892554
0.6644628099173546
0.0
0.21372491145218417
0.40609012199921307
0.4415256460711012
0.32443919716646963
0.0
0.14251606978879686
0.013223140495867765
0.25442739079102694
0.011373475009838643
0.21487603305785116
0.6987800078709168
0.13916765053128674
0.0
0.6796143250688704
0.008264462809917356
0.0
0.8181818181818166
0.015151515151515152
0.8067689885871695
0.3876033057851242
0.4742522628886266
0.2286501377410472
0.0226288862652499
0.023966942148760332
0.28276269185360076
0.0
0.0
0.2515151515151512
0.2957300275482094
0.29166666666666663
0.2776957890594253
0.29286370195461103
0.24545454545454543
0.0
0.18057851239669412
0.5285714285714294
0.018181818181818177
0.0
0.22038567493112937
0.41322314049586795
0.0
0.5049193231011414
0.011019283746556476
0.3008264462809914
0.5964187327823692
0.12318968909878003
0.4064672701036337
0.0
0.6826446280991728
0.23595041322314042
0.002066115702479339
0.41686343959071226
0.019283746556473833
0.665013774104683
0.017375049193231008
0.032172373081463986
0.5958677685950414
0.1727174340810704
0.5951790633608817
0.20498819362455717
0.1347894529712711
0.47107438016528924
0.5006887052341596
0.5395316804407713
0.2883510428964973
0.3711137347500983
0.0484848484848485
0.06729634002361282
0.0013774104683195588
0.8603076216712581
0.533195592286501
0.40117079889807167
0.3730027548209368
0.22685950413223105
0.5677292404565131
0.0
0.0
0.0023612750885478166
0.0
0.6910665092483271
0.3070805457169092
0.2146792601338055
0.21576151121605644
0.13373671782762686
0.6041256723074903
0.8042109405745757
0.40590974681883785
0.40554899645808706
0.0
0.0
0.022727272727272728
0.0
0.5752066115702476
0.00708382526564345
0.0
0.0
0.0
0.48586842450478823
0.5606060606060612
0.09253246753246754
0.0013774104683195588
0.0
0.008264462809917354
0.018152302243211335
0.41349862258953124
0.00550964187327824
0.4575757575757574
0.3774104683195586
0.47712514757969304
0.17245179063360883
0.2037190082644624
0.42782369146005483
0.4112947658402198
0.48691460055096425
0.030578512396694225
0.11983471074380153
0.0
0.0
0.024793388429752056
0.035665092483274305
0.028430407975862534
0.18634395907123175
0.44600550964187297
0.39277515413879044
0.38994490358126677
0.01239669421487603
0.0
0.0011806375442739083
0.44199134199134227
0.0
0.1596648301193754
0.4756395120031479
0.8170011806375432
0.5148760330578511
0.013774104683195587
0.04545454545454545
0.26198347107437997
0.46679456906729655
0.0
0.5085792994883905
0.08057851239669422
0.23236914600550956
0.005257116620752984
0.4166666666666667
0.013774104683195587
0.3609307359307361
0.17878787878787872
0.003305785123966941
0.29545454545454547
0.4595041322314052
0.4665977961432507
0.5993112947658402
0.13774104683195593
0.6
0.0
0.009641873278236915
0.0016528925619834706
0.4867768595041322
0.0
0.0
0.04887839433293978
0.1723140495867767
0.023875114784205696
0.0
0.027036599763872484
0.3093663911845726
0.33760330578512393
0.5538567493112944
0.0
0.1625672307490487
0.13770825134461478
0.0
0.0
0.45041322314049576
0.030893349075167248
0.5206611570247935
0.05258756395120031
0.8360881542699713
0.6829201101928368
0.10934343434343412
0.5375836284927193
0.4215040010494553
0.07260920897284537
0.42195985832349503
0.0
0.016332152695789057
0.7792207792207781
0.00921553194280467
0.45206611570247884
0.08146399055489971
0.07260920897284537
0.015545060999606454
0.011953955135773318
0.5210251869342777
0.07260920897284537
0.0
0.004132231404958677
0.0
0.0
0.0
0.0
0.014876033057851236
0.0
0.0
0.0
0.0
0.0
0.6024793388429753
0.004427390791027155
0.6311294765840223
0.05867768595041325
0.0
0.12396694214876029
0.0
0.5884297520661156
0.5055325987144167
0.011570247933884295
0.49483471074380175
0.3271349862258956
0.08367768595041324
0.0
0.5764462809917356
0.36432506887052335
0.015348288075560804
0.5188082119900305
0.2035812672176304
0.0013774104683195588
0.0
0.0
0.7733175914994085
0.0
0.026170798898071616
0.15426997245179067
0.12672176308539945
0.007477371113734751
0.21212121212121207
0.6180440771349859
0.2044077134986223
0.21818181818181787
0.1203102453102452
0.35316804407713487
0.0
0.594844549390004
0.0
0.3558048012593468
0.0
0.0
0.37410468319559215
0.27595434868162144
0.10027548209366384
0.20739866194411655
0.20051160960251851
0.0
0.013774104683195591
0.0
0.045454545454545456
0.2582644628099173
0.23636363636363622
0.7877312081857537
0.476567624294897
0.623376623376623
0.22672176308539957
0.49393939393939407
0.03679653679653679
0.025449298176570902
0.08016528925619834
0.0
0.15151515151515135
0.310901219992129
0.5083956447592807
0.0
0.0
0.0
0.0
0.014954742227469498
0.0
0.0
0.0030991735537190084
0.0
0.0
0.0
0.40476190476190493
0.017280240420736285
0.0
0.49049586776859494
0.0
0.0
0.02125147579693034
0.2055096418732782
0.0
0.09090909090909084
0.10866784730421085
0.0033976124885215795
0.0
0.0
0.0839236521054703
0.0
0.0
0.0
0.5666666666666669
0.5807162534435261
0.11239669421487598
0.1009445100354191
0.009044995408631773
0.0
0.0
0.0022136953955135775
0.0
0.0
0.0023612750885478166
0.0371900826446281
0.004132231404958678
0.01652892561983471
0.6297127115308931
0.0
0.0
0.0
0.0
0.01109799291617473
0.002754820936639119
0.0
0.006336088154269971
0.0
0.0023612750885478166
0.0
0.0
0.0
0.21150137741046807
0.0
0.0
0.0
0.5006690279417554
0.0
0.036363636363636376
0.0
0.0011806375442739083
0.7617079889807155
0.0
0.10055096418732777
0.03085399449035813
0.0
0.4969696969696967
0.04151908697363244
0.17138921684376235
0.0
0.0
0.07949626131444312
0.008264462809917354
0.0
0.0
0.047107438016528926
0.14513970877607252
0.46930342384887835
0.0
0.7256198347107422
0.030578512396694225
0.3897284533648171
0.004958677685950412
0.4620228256591896
0.0011806375442739083
0.0
0.0
0.15426997245179055
0.30716253443526137
0.0
0.0
0.5089531680440772
0.0027548209366391177
0.0
0.5078512396694214
0.1261314443132624
0.003935458480913026
0.011570247933884295
0.0
0.2752066115702477
0.0
0.4830775285320741
0.025029515938606837
0.34325068870523434
0.06336088154269975
0.3872687918142465
0.0
0.08712121212121206
0.030657221566312457
0.0023612750885478166
0.33987603305785113
0.4943329397874852
0.0
0.26357733175915
0.5193821330184966
0.005116096025186935
0.0
0.12121212121212112
0.0
0.011570247933884295
0.17709563164108605
0.047225501770956343
0.5048209366391186
0.0
0.10586383313656042
0.0
0.0
0.0
0.0
0.4492325855962219
0.0
0.01914600550964187
0.09799291617473434
0.0
0.0
0.5013774104683195
0.0
0.395592286501378
0.0322707595434868
0.028728846910665077
0.015151515151515145
0.0
0.013223140495867765
0.2077922077922076
0.0
0.016528925619834708
0.019775678866587956
0.04545454545454545
0.6826446280991733
0.06158992522628889
0.0
0.0
0.004722550177095633
0.0
0.4027548209366388
0.38417945690672994
0.07662337662337665
0.0
0.0
0.17099567099567098
0.010101010101010105
0.003902662993572085
0.003246753246753247
0.035537190082644624
0.021300669027941758
0.022931613840704728
0.07768595041322313
0.08574380165289257
0.012987012987012988
0.005509641873278238
0.030991735537190087
0.0
0.07768595041322313
0.3880165289256197
0.008264462809917359
0.014364423455332544
0.5654269972451784
0.027449822904368357
0.0
0.020825134461498102
0.018103109012199917
0.13636363636363635
0.10984848484848478
0.24793388429752033
0.0
0.07998819362455731
0.0
0.0
0.389256198347107
0.2000000000000002
0.0
0.06439393939393935
0.0
0.0
0.021054702872884697
0.0475206611570248
0.0
0.33246753246753225
0.0159090909090909
0.006749311294765839
0.023612750885478154
0.04161747343565524
0.049442476715204006
0.5152892561983471
0.0
0.19779614325068864
0.012790240062967334
0.377823691460055
0.0
0.0023612750885478166
0.0
0.0013774104683195588
0.013820018365472912
0.008264462809917354
0.0
0.13296602387511458
0.0
0.5824478551751282
0.010625737898465173
0.3976584022038568
0.0
0.38821330184966535
0.378433687524597
0.6202479338842967
0.3145087235996326
0.6556473829201099
0.015151515151515145
0.565977961432507
0.07452774498229046
0.2756788665879573
0.3939393939393947
0.44913419913419894
0.14994096812278618
0.14443132624950802
0.018281993488605063
0.4247343565525386
0.4272727272727266
0.0
0.22199265381083552
0.010625737898465173
0.6673428499874781
0.29696969696969694
0.1558048012593465
0.24065328610783168
0.0
0.4030303030303032
0.40495867768594956
0.1829201101928374
0.04671389216843762
0.4223140495867761
0.009090909090909089
0.006611570247933882
0.507756132756133
0.11953955135773316
0.0
0.22061524334251595
0.4314049586776853
0.0981404958677686
0.004722550177095633
0.5879574970484059
0.0
0.4818181818181817
0.27148760330578464
0.0
0.17824347369801888
0.0011806375442739083
0.3909386068476977
0.06486947396038305
0.6147257700976713
0.0
0.012741046831955921
0.2577561327561325
0.0
0.4003837072018892
0.13503541912632808
0.0
0.054407713498622536
0.725403384494293
0.5158992522628888
0.07201889020070844
0.25578512396694186
0.051239669421487555
0.4042207792207791
0.17768595041322283
0.5780532598714415
0.005509641873278235
0.012098255280073467
0.017394726485635573
0.0
0.5184573002754819
0.5606060606060603
0.0
0.34710743801652855
0.40644431326249514
0.37059228650137715
0.4188311688311691
0.009917355371900824
0.0
0.02148760330578512
0.4028925619834705
0.19980591034310016
0.249449035812672
0.0
0.40785123966942083
0.11835235471599097
0.012947658402203854
0.1237373737373737
0.5454545454545459
