0.0
0.23333333333333314
0.35825892857142866
0.0
0.16157407407407415
0.3975694444444442
0.6250000000000004
0.0
0.37893518518518454
0.6308559303350972
0.27060185185185176
0.08935185185185188
0.0
0.218253968253968
0.7442956349206343
0.02389219576719577
0.46364087301587337
0.03736772486772487
0.0
0.08779761904761899
0.5473544973544975
0.0
0.0
0.4043981481481485
0.681712962962962
0.0
0.60135582010582
0.41005291005291
0.2979166666666662
0.08574735449735447
0.4363425925925928
0.04513888888888892
0.03141534391534392
0.16145833333333331
0.7237103174603162
0.0
0.42091049382716034
0.3350970017636684
0.005594135802469137
0.36041666666666655
0.1713458994708994
0.007638888888888886
0.4730654761904767
0.7237103174603162
0.6392361111111106
0.028439153439153424
0.4052579365079369
0.6943783068783069
0.20304232804232794
0.01711309523809524
0.6379629629629626
0.6765873015873011
0.062375992063492064
0.0
0.11230158730158728
0.4585648148148146
0.0891203703703703
0.49768518518518523
0.4285714285714292
0.42896825396825417
0.4585858585858589
0.318204365079365
0.7145833333333326
0.016666666666666663
0.1106564153439153
0.053819444444444454
0.0009920634920634924
0.45684523809523786
0.0
0.0
0.7435846560846557
0.4578042328042331
0.0
0.5449074074074073
0.2506613756613756
0.5706679894179892
0.0
0.17648809523809508
0.15056216931216923
0.0
0.0
0.32769510582010586
0.11747685185185186
0.0
0.005787037037037038
0.32915839947089953
0.4121527777777778
0.4199404761904762
0.005952380952380955
0.7275132275132272
0.0
0.013723544973544968
0.28339947089947093
0.04236937830687832
0.6254960317460321
0.30120149911816574
0.11562499999999987
0.298777707631874
0.035769400352733696
0.0
0.4985119047619047
0.01488095238095238
0.4788359788359784
0.6308559303350975
0.24054783950617276
0.0681216931216931
0.25416666666666665
0.34664351851851866
0.20845734126984114
0.27291666666666675
0.4881944444444446
0.0343915343915344
0.054935515873015886
0.0
0.3572337962962965
0.07222222222222219
0.7237103174603162
0.11180555555555552
0.6115740740740739
0.20185185185185162
0.14687499999999992
0.19609788359788363
0.392245370370371
0.24123677248677242
0.6137152777777773
0.0376984126984127
0.13392857142857137
0.0009920634920634924
0.5194444444444442
0.15873015873015875
0.2416666666666669
0.05509259259259264
0.0
0.031043320105820102
0.03144290123456791
0.010912698412698414
0.4816137566137567
0.6172288359788355
0.005208333333333333
0.2019675925925926
0.28502535273368607
0.5726851851851849
0.26452020202020254
0.18163029100529085
0.24456018518518496
0.2550016534391535
0.0
0.6966269841269837
0.011458333333333333
0.4745370370370373
0.1849785052910053
0.014649470899470897
0.02678571428571427
0.0
0.0
0.019510582010582006
0.02149470899470899
0.40608465608465627
0.47309027777777796
0.0
0.013640873015873016
0.13667804032387354
0.0
0.6161954365079365
0.3181079144620809
0.5730158730158732
0.0
0.5791170634920632
0.006944444444444443
0.541236772486772
0.0072200176366843056
0.18115079365079348
0.0
0.019675925925925916
0.0
0.0
0.0
0.018022486772486766
0.18219521604938255
0.4826388888888889
0.46666666666666706
0.13571428571428562
0.08903769841269837
0.19365906084656073
0.4384259259259257
0.3927662037037039
0.38946759259259245
0.3742504409171074
0.5667658730158734
0.053323412698412696
0.47106481481481466
0.5423280423280424
0.08597883597883599
0.5020254629629627
0.09861111111111101
0.6627314814814801
0.0
0.21951884920634912
0.40236441798941813
0.42475473985890705
0.32156084656084655
0.0
0.13904320987654314
0.01284722222222222
0.2531415343915342
0.010945767195767193
0.21342592592592574
0.6878306878306878
0.1377976190476189
0.0
0.6749999999999999
0.006944444444444444
0.0
0.8166666666666649
0.014467592592592594
0.799437830687829
0.3777777777777782
0.4621941137566139
0.23611111111111155
0.020998677248677246
0.022916666666666672
0.2824735449735448
0.0
0.0
0.24953703703703692
0.29583333333333356
0.2778742283950617
0.2770750661375661
0.30037477954144626
0.24583333333333332
0.0
0.17395833333333324
0.526190476190477
0.016666666666666663
0.0
0.22268518518518507
0.42708333333333376
0.0
0.4911541005291007
0.00925925925925926
0.2910879629629629
0.5931712962962963
0.13518518518518519
0.41785163139329806
0.0
0.6562499999999993
0.2519675925925926
0.001736111111111111
0.40901951058201064
0.023148148148148154
0.6636574074074069
0.014599867724867722
0.027033730158730156
0.5972222222222214
0.16633597883597878
0.6072916666666668
0.19365906084656073
0.1370701058201057
0.4589120370370371
0.47974537037037013
0.5096064814814816
0.28607804232804224
0.3645833333333334
0.044212962962962975
0.06200396825396829
0.0011574074074074071
0.8532021604938268
0.5275462962962961
0.3999393738977074
0.36157407407407416
0.2281249999999996
0.5621362433862438
0.0
0.0
0.001984126984126985
0.0
0.6952711640211634
0.3109430114638446
0.2242724867724866
0.22040343915343885
0.13300264550264543
0.615272266313933
0.7898478835978816
0.4026124338624341
0.40252976190476175
0.0
0.0
0.020833333333333332
0.0
0.5942129629629624
0.008928571428571432
0.0
0.001736111111111111
0.0
0.47330246913580265
0.5483796296296296
0.0873015873015873
0.0011574074074074071
0.0
0.008333333333333331
0.016245039682539684
0.412268518518518
0.004629629629629632
0.46111111111111097
0.379166666666666
0.472470238095238
0.172420634920635
0.20532407407407366
0.4329861111111109
0.4111111111111104
0.49131944444444425
0.02569444444444445
0.1421296296296295
0.0
0.0
0.03030303030303029
0.03294477513227514
0.02527832892416227
0.18402777777777762
0.4499999999999997
0.3806079144620812
0.39652777777777737
0.01157407407407407
0.0
0.0009920634920634924
0.421990740740741
0.0
0.15551697530864184
0.48654100529100536
0.8179563492063475
0.5222222222222221
0.015509259259259254
0.057870370370370364
0.2756944444444444
0.4644097222222223
0.0
0.49675925925925873
0.09444444444444443
0.24930555555555564
0.004417438271604938
0.3986111111111112
0.013888888888888883
0.3621031746031749
0.18055555555555555
0.002777777777777777
0.3125
0.44178240740740754
0.4689566798941798
0.6128472222222223
0.1475694444444444
0.5555555555555557
0.0
0.008101851851851853
0.0013888888888888885
0.45462962962962994
0.0
0.0
0.05
0.16041666666666654
0.02006172839506173
0.0
0.02387566137566137
0.3192708333333329
0.3440972222222222
0.507060185185185
0.0
0.16752094356260994
0.13541666666666646
0.0
0.0
0.46006944444444436
0.02695105820105819
0.44444444444444453
0.048156415343915335
0.8356481481481465
0.683333333333333
0.10949074074074049
0.535383597883598
0.41464947089947063
0.07862103174603177
0.4377314814814817
0.0
0.016269841269841264
0.773809523809522
0.007743606701940036
0.4444444444444442
0.08333333333333333
0.07862103174603177
0.014054232804232803
0.01103670634920635
0.5130373677248675
0.07862103174603177
0.0
0.0034722222222222216
0.0
0.0
0.0
0.0
0.012499999999999997
0.0
0.0
0.0
0.0
0.0
0.5996527777777779
0.003720238095238096
0.6215277777777783
0.06736111111111111
0.0
0.12731481481481488
0.0
0.5819444444444442
0.4904513888888888
0.00972222222222222
0.4663194444444447
0.31527777777777827
0.07936507936507937
0.0
0.5763888888888888
0.36863425925925913
0.012896825396825398
0.502571097883598
0.2027777777777773
0.0011574074074074071
0.0
0.0
0.763888888888887
0.0
0.022982804232804226
0.14583333333333331
0.13253968253968246
0.013392857142857142
0.20634920634920628
0.6141203703703698
0.20347222222222192
0.21666666666666634
0.12070105820105809
0.3500000000000002
0.0
0.5894510582010583
0.0013888888888888885
0.34953703703703726
0.0
0.0
0.3730158730158729
0.27817460317460324
0.10522486772486764
0.2023478835978837
0.19510582010582003
0.0
0.012566137566137565
0.0
0.08333333333333333
0.2581018518518518
0.23749999999999993
0.7879739858906523
0.4705136684303351
0.6061507936507935
0.2248842592592593
0.48449074074074083
0.03381283068783069
0.023120590828924162
0.10833333333333332
0.0
0.15079365079365065
0.3057208994708994
0.5023148148148145
0.0
0.0
0.0
0.0
0.01719576719576719
0.0
0.0
0.0026041666666666665
0.0
0.0
0.0
0.40314980158730185
0.015782828282828277
0.0
0.4863425925925925
0.0
0.0
0.017857142857142856
0.20393518518518516
0.0
0.09930555555555541
0.10697751322751309
0.002854938271604938
0.0
0.0
0.07787698412698413
0.0
0.0
0.0
0.5488425925925926
0.5657407407407403
0.11111111111111104
0.08796296296296295
0.00760030864197531
0.0
0.0
0.0064897486772486765
0.0
0.0
0.00396825396825397
0.06076388888888889
0.003472222222222222
0.015625
0.6153439153439153
0.0
0.0
0.0013888888888888885
0.0
0.009325396825396823
0.002314814814814815
0.0
0.010648148148148146
0.0
0.001984126984126985
0.0
0.0
0.0
0.19980709876543182
0.0
0.0
0.0
0.5067460317460317
0.0
0.03333333333333335
0.0
0.0009920634920634924
0.7554563492063484
0.0
0.10433201058201047
0.030555555555555558
0.0
0.511111111111111
0.03885582010582013
0.1673280423280424
0.0
0.0
0.07200727513227513
0.009259259259259257
0.0
0.0
0.03958333333333333
0.14345238095238097
0.4677579365079366
0.0
0.7180555555555537
0.028819444444444453
0.36812169312169335
0.004166666666666666
0.4690806878306881
0.0009920634920634924
0.0
0.0
0.1657407407407409
0.29606481481481445
0.0
0.0
0.5231481481481481
0.0023148148148148143
0.0
0.5100694444444441
0.11507936507936496
0.0033068783068783067
0.00972222222222222
0.0
0.2796296296296299
0.0
0.48065476190476214
0.02450396825396824
0.3532407407407409
0.07407407407407401
0.3798776455026458
0.0
0.07986111111111105
0.026917989417989403
0.0029761904761904773
0.3314732142857142
0.48799603174603223
0.0
0.2801752645502644
0.5184358465608465
0.004298941798941799
0.0
0.1249999999999999
0.0
0.00972222222222222
0.1577380952380951
0.054563492063492126
0.46192129629629647
0.0
0.09308862433862435
0.0
0.0
0.0
0.0
0.45304232804232797
0.0
0.01747685185185185
0.10019841269841262
0.0
0.0
0.49976851851851856
0.0
0.37304894179894266
0.033895502645502645
0.025297619047619034
0.013888888888888883
0.0
0.011111111111111108
0.20238095238095208
0.0
0.015277777777777772
0.017609126984126984
0.04282407407407408
0.6821759259259254
0.055059523809523836
0.0
0.0
0.004960317460317462
0.0
0.40324074074074034
0.3808201058201064
0.07023809523809524
0.0
0.0
0.1706349206349208
0.009259259259259264
0.008101851851851853
0.0027281746031746035
0.03541666666666667
0.020213293650793652
0.022480413105413082
0.07615740740740735
0.078125
0.01178075396825397
0.00462962962962963
0.028356481481481486
0.0
0.06527777777777777
0.37685185185185177
0.009452160493827164
0.013227513227513223
0.5358796296296287
0.033523478835978844
0.0
0.018490961199294536
0.01719576719576719
0.14583333333333334
0.11284722222222213
0.22685185185185153
0.0
0.09126984126984133
0.0
0.0
0.3902777777777773
0.20416666666666683
0.0
0.06828703703703697
0.0
0.0
0.02077821869488537
0.04340277777777778
0.0
0.33253968253968247
0.014756944444444439
0.005671296296296296
0.02182539682539682
0.03497023809523809
0.04628527336860672
0.5156250000000001
0.0009920634920634924
0.198015873015873
0.011904761904761902
0.3703703703703703
0.0
0.0029761904761904773
0.0
0.0011574074074074071
0.023591820987654322
0.009259259259259257
0.0
0.13495370370370352
0.0
0.5752314814814817
0.012896825396825398
0.3872685185185186
0.0
0.39296461640211633
0.3859788359788365
0.5688657407407398
0.33217592592592593
0.6435185185185183
0.017592592592592587
0.5508101851851853
0.06927910052910052
0.2782324735449734
0.3888888888888896
0.44375551146384473
0.1499669312169312
0.14276069223985888
0.016750841750841752
0.4250992063492068
0.4249999999999992
0.0
0.21190200617283933
0.009920634920634922
0.6556186868686867
0.30787037037037035
0.1455026455026453
0.23131613756613773
0.0
0.39722222222222275
0.40486111111111023
0.1840277777777777
0.05090388007054672
0.42083333333333256
0.007638888888888886
0.005555555555555554
0.49614197530864207
0.11897872574955902
0.0
0.21547067901234557
0.4319444444444438
0.0853174603174603
0.00396825396825397
0.6068121693121691
0.0
0.47499999999999987
0.2656249999999998
0.0
0.17468033509700145
0.0009920634920634924
0.39062500000000017
0.06960978835978832
0.5845819304152643
0.0
0.010706018518518517
0.2578813932980597
0.0
0.40500992063492086
0.13416280864197516
0.0
0.05034722222222216
0.7194940476190466
0.5166170634920637
0.07936507936507935
0.2611111111111109
0.054320987654320925
0.40178571428571414
0.1809027777777774
0.6121307319223984
0.005787037037037036
0.0101658950617284
0.01895667989417989
0.0
0.5291666666666672
0.569444444444445
0.0
0.3305555555555555
0.41320271164021155
0.3726355820105819
0.41183035714285743
0.00972222222222222
0.0
0.025231481481481476
0.40104166666666596
0.201629138608305
0.2532159391534391
0.0013888888888888885
0.40729166666666594
0.12259700176366829
0.012268518518518517
0.12384259259259256
0.5416666666666667
