0.3351926794511747
0.5794179565464175
0.9808989631840582
0.1702365513245182
0.9235608487373306
1.0000000000000002
0.8197540293538211
0.3414886347771169
0.28729180754998984
0.9825563845630719
0.5785680508601702
0.4788743822080605
0.04256038444916993
0.31891421069217385
1.0000000000000002
0.2931296388476335
0.9646688496393251
0.10636740012515926
0.19931762517108673
0.2983687093119627
1.0000000000000002
0.1346897813116193
0.10389641827901126
0.9359790597769841
1.0
0.04851081553715647
0.8908344528324122
0.527903270474784
0.8521801004406606
0.608113436106788
1.0
0.6270185812252439
0.014388476899146109
0.10708927695405367
1.0000000000000002
0.01974144628353202
0.8572976296948717
0.5277281261817917
0.005719911626957029
0.843877866828014
0.38420245226157484
0.0
0.8681525706768068
1.0000000000000002
1.0
0.5721595956916019
0.8948929372770213
1.0000000000000004
0.36539095581635594
0.15183433718395573
1.0
1.0
0.37069099904775893
0.07929202127200825
0.11903666592828138
0.34268450432741404
0.4742065601951729
0.912957907881561
0.6442646716600856
0.5753403601789897
0.7849867543431495
0.697183508921298
1.0
0.5354726228054969
0.2108859065911726
0.18311930762361797
0.09440992173168034
0.8634283230375985
0.0501050850883194
0.0327465982121596
1.0000000000000002
0.8159459394825015
0.05510423148930818
0.4270721137796786
0.5273557509409239
0.7655044491080634
0.039146922990617825
0.8581407252325293
0.6133009076432787
0.3561288100062338
0.012273699613507204
0.9191136604082035
0.4284050981724652
0.26626010012391904
0.09560624149175728
0.6930231700520798
0.822414514725915
0.5750371165757081
0.23872188603125546
0.049782113631344126
0.5359757542602626
0.04025401427564396
0.1621595076204923
0.03464620617039062
0.8495322295260269
0.5385255647043861
0.09470493274907418
0.5733792764590124
0.4344048938331723
0.04790540768982686
0.901429216474666
0.7259448049729778
0.6506028526572036
0.9825563845630719
0.8088487131989094
0.375149023257203
0.13884783659232466
0.959355865533286
0.7522812656346325
1.0
0.6030221687696686
0.2125796396577171
0.6135235888671633
0.36206828658131257
0.7465439718839613
0.5112223914531431
1.0000000000000002
0.2615236672407872
0.7978789793570302
0.7599066916986403
0.8750259516567738
0.7461375044510155
0.33553537697609653
0.38570858328659685
0.9040353604126927
0.0879622055584848
0.39909330622802125
0.05880107867490504
1.0000000000000002
0.2229525300676443
0.532546234645453
0.7508085586121899
0.06602190561437256
0.04629519656011652
0.14493235757318265
0.03774354462128735
0.9097329773275842
1.0
0.09808867392614373
0.21340651209431627
0.4654767828777333
1.0000000000000002
0.8013969214091464
0.67365339578903
0.6862815760797453
0.8198358171081901
0.08656718787190443
0.9671406021779146
0.7870991186762428
0.881153150459087
0.18162558002771179
0.10609111896907043
0.10742683564256438
0.3021548556722438
0.07834432593591072
0.058689544980383715
0.007952664830527983
0.8918159815078035
0.7598163757551165
0.0
0.2030701215005894
0.2530139176537202
0.12680738691661048
0.9033265752338822
0.7491251389479812
1.0
0.2443919143253599
0.8826233177571071
0.08620906721841395
0.7941671647990043
0.1094767367896214
0.06668714857249332
0.03973175607712906
0.9092718093989274
0.15492462788641875
0.1330109403191202
0.01232603095968575
0.06507502595434735
0.5729270371364357
0.7884276160986421
0.6981529592997032
0.2623117258926271
0.6399497007120978
0.5878384416011815
0.876144530033759
0.3771796395356245
0.6254557098129652
0.5771610569672231
0.8614896285537402
0.07223846576412857
0.9877837320327401
0.5470291567236807
0.8037935928116609
0.8990777602438828
0.9004244580673435
1.0
0.0722132886623384
0.8907080968856387
0.872523297684303
0.8045465688664257
0.39938901666136506
0.09617252146828739
0.8740844634724277
0.0665088144403145
0.26028506952711883
0.5685534926294369
0.213815389226018
0.7014177807503897
0.7552425536475573
0.16575410193367213
1.0
0.04603055853679529
0.06027896291707665
1.0000000000000004
0.16682913616516226
0.9051183893146706
0.31705989669385837
1.0000000000000002
0.3612029227414258
0.3109447002520792
0.06381201647396426
0.3835601047421888
0.12615102410706555
0.14268361744980465
0.4672043015872428
0.8982748636706935
0.7351731409236261
0.7389793643858087
0.6200850452102192
0.6555826281538114
0.04439144400783921
0.0989875417175598
0.7445139105147428
0.789150410716502
0.17151765525289875
0.4684681929418998
0.4516145478220907
0.20737099087647187
0.2900506768134077
0.08936281129299925
0.9635766018773382
0.7722456775936904
0.33515976399119574
0.7336252846705873
0.914347140155957
1.0000000000000004
0.5985841993192696
0.9656877169905941
0.14012496323221388
0.26144426874687354
1.0
0.3228446830157913
0.09587661544327933
0.5916996719094938
0.4345892698700504
1.0000000000000002
0.5878384416011815
0.20786453698670204
1.0
0.2865464136013859
0.8665768373308327
0.9336938842754459
0.48080086058731164
0.37375390091245925
0.0320631534891313
0.024208947465973147
0.8125992247697905
0.41865951934649953
0.7325337049842058
0.9830411993137461
0.25229087591001903
0.7572842496741793
0.061160315451014975
0.8018646367743817
0.07425440318241898
0.0
1.0
0.7906113682112321
0.5623444552202557
0.5864477013457409
0.27334270732302424
0.7780952534875571
0.9701121799166312
0.508081398577547
0.6352242468133575
0.03971140485695336
0.051082438300021064
0.4026470132695321
0.04917542783976003
1.0
0.05566980224418562
0.08527597187160353
0.029806122672922576
0.18249490906684937
0.6092276604258212
1.0
0.2620247224598248
0.10426738040715167
0.04150395965470377
0.033572060593332315
0.15060843872405957
0.9456062235785292
0.1092663757903758
0.3452780379533078
0.34785736609365053
0.9836444180744679
0.2402608666616286
0.6750682857811278
0.7868160682008252
0.2651924551786549
1.0
0.5749472286946423
0.4595446937206381
0.08012566344406748
0.07694877284842916
0.07176810032616907
0.26277457762117545
0.029529237799597485
0.7403725987030317
0.3485090797221152
0.9247383135187945
0.3402698644368233
0.2636963447604641
0.02926796534660702
0.015982458464502892
0.9310338014687721
0.05336324682655799
0.6579183508136033
0.9751955104071378
0.9214714161796573
0.6496986808257581
0.10859881455714832
0.4224027493805656
0.8344733296538915
0.945758641461417
0.03915205800016509
0.9015973455012926
0.7391024836385369
0.7841826439084318
0.16267840703177866
0.7031036067748753
0.010896783239956763
0.5456739577729011
0.4123565752389701
0.3774999444185694
0.5800836971297207
0.6573341923541572
0.7720662269097327
0.647238128241459
0.4733632850224668
0.5697556210492177
0.18637697042573514
0.48917882137258273
0.7757899977245193
0.7000652946212256
0.19917892865397308
0.7724942738320801
0.6575786004366575
0.5473689380790098
0.049206194167760765
0.009647616833799628
0.513711647722088
0.9004986300862857
0.6145179522720672
0.9936144082283385
0.06214921370633218
0.28822353694350705
0.40608298144015104
0.05478115181691
0.24256007774531302
1.0000000000000002
0.7389520787630217
1.0000000000000002
0.33116838033783635
0.3441466195557401
0.8911204472910785
0.11511287966838349
0.8900693418124823
0.37993585959982235
0.5124193715811451
0.9353867728094244
0.2376652840874497
1.0000000000000002
0.34399708880197616
0.07941678140030765
0.4021164506203355
0.0754989276571887
0.5124193715811451
0.021178345434246147
0.022074977950906294
0.9015973455012926
0.5124193715811451
0.03957045114993002
0.043721477194769695
0.0970225128904804
0.350410418801677
0.02508928683145473
0.0
0.060441795511040605
0.03114403219833867
0.1001906179481094
0.03768030617559437
0.03053904861621394
0.121497347612773
0.9621520006650706
0.0
1.0
0.6102637413086436
0.11380486452640215
0.7199282784147933
0.028826547264236658
1.0
1.0
0.031053891687059562
0.8146346924989258
0.7984068398585265
0.24823975064947568
0.04114010049425724
1.0000000000000002
0.7688870312052831
0.09927790952340232
1.0
0.5096851814852623
0.8415812273261357
0.23912565721084686
0.1871605634921812
0.8658673845514818
0.2194579239223643
0.8615574071628447
0.7748429915667702
0.4469392066945681
0.15768322183322114
0.9374236775970335
1.0
0.12289005235023144
0.13604280038543823
0.08847071788222072
0.24108390516275913
0.030701802016930825
1.0000000000000004
0.17701449459187615
0.5269646695460183
0.03575063306187031
0.4768664871552871
0.747328204829835
0.6186034517154272
0.008844211730881475
0.8246163517837358
0.48889597919836725
0.15746310780022094
0.6940797573782713
0.4142623549929536
0.6045317563937586
0.29560838374791315
0.5772359437636648
0.8869491658136475
0.8344524003841762
0.24053038013037528
0.7643274928452847
1.0
0.6581376778460059
0.04247498514739903
0.4370911508833043
0.019341029161671866
0.5464629207682324
0.3986559829319754
0.8748374185695951
0.009039700591582737
0.006360903776082294
0.04979830338077165
0.01313888226864786
0.08135468558038102
0.022336485824513357
0.031390493557251826
0.05397942167592971
0.08110409910106975
0.04519302418514194
0.10916716388658439
0.6293545367646589
0.1350843753698709
0.14414540551057034
1.0000000000000002
0.2567377002125046
0.2567377002125046
0.06548410001667163
0.33322474771871013
0.17327686233489667
0.049973876850318705
0.43941012455620354
0.09473389394533499
0.224659613723678
0.030077526032075516
0.3791734252295831
0.13078494254927808
0.05854104478621998
0.14394142673051274
1.0
1.0
0.04986828711242922
0.2844998460495699
0.30279778807629293
0.14869988502670908
0.03082555578779236
0.13611334129328823
0.2792122218128406
0.06948175416067752
0.029857519898572996
0.15942225550333325
0.03719980619120485
0.024571191624051785
0.3317521627827795
0.27847996046669765
0.06103321303317834
0.22677910734785847
0.06858763419319035
0.5318735206009853
0.04825750604806781
0.05084705557929475
0.08838586829674101
0.05390754942700851
0.04065320871708619
0.06439581543582945
0.026970390649753803
0.08138654530747774
0.3572551558823433
0.04715442881826447
0.1805032331120069
0.0191415490332861
0.7612882623357995
0.5648135528346379
0.13760922229111192
0.49313026288678125
0.06302104084961752
0.9386895305687638
0.0932348726121114
0.1401694900828626
0.18616529878602692
0.05787107200884348
0.4844199845484792
0.06693058762601413
0.9519442264748409
0.0817926930097159
0.0
0.47776847111135273
0.7812088276895495
0.025756692778601393
0.056443882783756165
0.6140220419750866
0.7328245366870301
0.8615158004318247
0.20438364189574904
1.0000000000000002
0.343086382911977
0.4454239195205912
0.08817837073068957
0.7571485474436181
0.04775982117387892
0.18947439628137008
0.06639617294262402
0.38035929980038347
0.7221155460297162
0.0782756580035745
0.2763460789175683
1.0000000000000002
0.4380074184916832
0.019923753915969542
0.3823940616529738
0.40538439356358325
0.14699589123244514
0.050749554280635135
0.0742090283653683
0.34722476033503635
0.2443897156364662
0.760253478294652
0.14717087752029645
0.5271407932344555
0.5932825748619314
0.8913076253614638
0.07234034413647088
0.03841207110237548
0.22029843739028276
0.08134604148816749
0.7459405744471006
0.8729787120706153
0.29470375382971103
0.9060983618713452
0.9915266953085959
0.27989530749779507
0.31809808968154746
0.01846499813464237
0.16815505009700238
0.061119583125413005
0.30615329825391135
0.1557081989409861
0.8701352068687965
0.40867647316604666
0.37768151036527836
0.392127410882358
0.13277716702648434
0.02515272581918852
0.04067181422458583
0.9391519746838796
0.18682031636853208
0.6100888148346529
0.5346094675839185
0.20744433485111413
0.15000591381433126
1.0000000000000004
0.1916917682429684
0.6453522394796121
0.4890906574365892
0.12375068016825674
0.030867511887324662
0.026794319972930126
0.05421334465959336
0.5515998441746714
0.020695914806749965
0.14234556562505588
0.19435547419321997
0.15460115499350996
0.8424850052904325
0.2782639771988145
0.16218758609876993
0.0905007648894723
0.4673817716387127
0.21842258789391594
0.5568149709201328
0.7519025505832492
0.04670692584560525
0.2751408561289453
0.30380384908241975
0.2285208783316135
0.2833912968894421
0.05374631658096531
0.2751441148034219
0.12338270229239731
0.05232550269023271
0.09360618173928702
0.3383478797105206
0.0330464894070837
0.0200839756036218
0.06387337545829454
0.8929517137172346
0.10495653339031034
0.3005045097468167
1.0000000000000004
0.05236914805824723
0.05324785792638617
1.0000000000000002
0.5940878151176066
0.09264254664356274
0.015514898265590297
0.06500283995196207
0.01136186290698682
0.12303718038968094
0.2393616489875553
0.050999295724980645
0.03862680696674241
0.05802535137462458
0.05782924839918517
0.24888298809144088
0.021741040636811208
0.06297383277303964
0.14119329262912594
0.08381284080706494
0.05633220049372248
0.1068508255172596
0.5628188593743135
0.10449203486465924
0.2592364524908092
0.03285751376450481
0.033770669594439966
0.449636671743045
0.11731726179613611
0.22004805864544152
1.0000000000000002
0.070618672046291
0.3664072409683293
0.04115317289511712
0.7977996912191883
0.09587324494447753
0.04476664342950522
0.057962902641879324
0.03185692422357042
0.2235898059328443
0.021560975711915113
0.0661700425082127
0.3422525992731631
0.014886665102453381
0.4875023429813825
0.13746677576480215
0.4914994412532858
0.049628507674622055
0.5394640830776698
0.8245348640347632
0.9912869410579405
0.562048128232008
0.5939508259772351
0.3877169721983016
1.0000000000000002
0.46555169917527917
0.6686769026635176
0.7581344084415743
1.0000000000000002
0.8548968487353091
0.43232821214857986
0.08407912606294195
0.27492945231879323
0.2593116244667819
0.26413308809432456
0.41784121546912306
0.07106327855948126
1.0
0.9040217607139753
0.7899862134391125
0.3654567658421876
0.11279471055243759
0.4314436756784249
0.45096858873986334
0.045765206114214474
0.0714952756799349
0.1772474445317121
0.31684335295777155
0.4264222305896278
0.9882711861544728
0.2890187442575102
0.0302164155254506
0.8544409428434809
0.5126053484007801
0.05831436052952731
0.16421029245222868
0.6793077371615228
0.039606987497128335
0.338266685877969
0.4272682719188551
0.034505213657299756
0.7898599372939212
0.16101896226368972
0.6453113233771383
0.18087530576148148
1.0
0.1234068687249223
0.38481358498501134
0.5063296550892963
0.29019452426640596
0.7382151644324865
0.639359483865547
0.8740702896243429
0.6046961314962691
1.0000000000000002
0.7980469282303649
0.368540985203123
0.32819417322552674
0.38426741049483104
0.6409832936938495
1.0
1.0000000000000002
0.03497144744345819
0.4083604214183433
0.040774779696605055
0.04195117851721187
0.38071549124092363
0.5265457137155922
0.029180687840994254
0.37589886431580355
0.8934366139308791
0.7486385093403415
0.2802004106369179
0.17101850950468028
0.12299164962789534
0.5384744533078085
0.14281184055846227
0.8004737320604668
0.17682131273128437
0.14196871429194188
0.26098795373957917
0.45612870041775744
0.17255821717411915
0.07019995190336113
0.6336921892216612
