0.0
0.24328167778720472
0.5951463135418894
0.1311302581075399
0.5905088666668367
0.6314898113712626
0.5659953803029193
0.011910203844488914
0.30017501462508456
0.8146503668618296
0.35711896220215245
0.13110106408868602
0.004244899610913422
0.24113316397029008
1.0
0.12061893189009813
0.816093229543729
0.02661893330358373
0.08607847418791546
0.27545909595488904
1.0
0.02511635217997677
0.0011984227235936305
0.8162153849170842
0.8537337698119675
0.07364236337908048
0.7665375184409162
0.6112018292977114
0.36374732978597996
0.04821045590879816
0.6384871315860535
0.5189746290992467
0.01082795173252279
0.282212634741923
1.0
0.010410551518069864
0.7448582868104964
0.3281561281731518
0.0009568679291117682
0.4212673876856032
0.2912164820553184
0.003994703375259425
0.8168810513451228
1.0
0.8130633731847056
0.05970924636159097
0.6296602106290573
1.0
0.1755183432690642
0.24806992440809464
0.7852774197063936
0.8183680023136898
0.3387720139122933
0.023687693499691777
0.03657915402197197
0.7161887904125372
0.24965103761667598
0.8047280159537474
0.28197372964155737
0.5774518748750155
0.7269104373559948
0.4336897793616471
0.8852782181913305
0.11078400790358836
0.44810945981888095
0.018497714051162215
0.15117332730344635
0.5989353208643987
0.016887962598230822
0.01738013106775189
1.0
0.6321032796807579
0.005749903253372528
0.6070468181748051
0.42186848587744324
0.765061865218051
0.005020061180100802
0.23637599326893613
0.231057399865806
0.019921306004146256
0.013268158465272607
0.5084410978744088
0.42971250774454905
0.023881552002128145
0.0
0.4941585482236687
0.6745308306262073
0.5743769645323845
0.3186937130360665
0.7090769249237209
0.16100603105985922
0.0013186595106237456
0.26926512669891417
0.18235540212169848
0.7532187476894786
0.40578940933488783
0.17708396364184303
0.4550660256140886
0.08845384708585786
0.02938949685171709
0.6778522173590312
0.16098892252224625
0.5811306329342406
0.8146503668618296
0.5313540277707629
0.26843063693442365
0.23657924972559835
0.4966949405878132
0.36428358980787107
0.5723801463851946
0.34251691050030686
0.056927655359548336
0.2597094422997953
0.009327509471825394
0.5298176376234205
0.23801428534643668
1.0
0.18954014291812515
0.6946135701465516
0.3427513326230218
0.26389336977488687
0.28545819657837007
0.7002560760636909
0.7928097164429603
0.8617677643252839
0.03344535186443558
0.25038787127273543
0.001522514011138127
0.6131373700485541
0.20838136895699802
0.6472802254505252
0.2428379001044462
0.0340691916918937
0.007114299514519057
0.019749552319669968
0.018402762633619806
0.8595243835768965
0.8995394741997771
0.008012757187661276
0.4718172661014305
0.38550819202153136
0.8532359326230025
0.4702766279168165
0.6135524270051832
0.2256293066838394
0.5115865296671618
0.013500664180490955
0.743185926589763
0.13117970367447257
0.6198300845382656
0.3222879474151521
0.007289209580830271
0.10803349263240164
0.0
0.008477679120573454
0.021378852393838205
0.1444854151472624
0.8025712479415058
0.6838653328812999
0.01186889186480932
0.027458752155321575
0.17083416928733597
0.009490131256928913
0.7393996744753073
0.3886510828042939
0.6157194210946532
0.026714691229117116
0.8205486128933529
0.010497562869905303
0.6672224483354111
0.009475993693784433
0.2150484359549331
0.00977702512264717
0.5126378610139629
0.007842951035358087
0.00867948874117887
0.08547825094707186
0.014863819426397041
0.49268584816782296
0.683515367255173
0.5160032965491019
0.22641023391547518
0.3206585285143076
0.5391241204697491
0.6014720283014788
0.4230108095763784
0.5466991563662646
0.5218018432245873
0.7809209123341445
0.03488855429041819
0.6160231018666757
0.6961904073673773
0.3190339836026448
0.6041235223644362
0.20403150925254174
0.7911576383937666
0.0
0.3210378608482758
0.49640636488728246
0.6814097046873758
0.2929597489463161
0.00293534656500865
0.41748523863086623
0.0015077541165015903
0.19740564507982572
0.11919021317848812
0.17262640546694027
0.7158135047628441
0.21758855330829716
0.033218822723232753
0.8142328810223599
0.01875744377370851
0.0002624279341756041
1.0
0.028986980096135515
0.8704008782463487
0.6723913031005144
0.6555189786466274
0.15908764367615807
0.27629831614879885
0.02738015555572632
0.33513601146242794
0.031592242631115576
0.020948450461740875
0.38092764151822406
0.41926930041657173
0.3355480315091346
0.5111230670883058
0.48014875494134096
0.3906817885743347
0.01352256470621107
0.10628613511888563
0.6503305309440177
0.1090656055268469
0.02787926255446404
0.25987126159348967
0.44045085848127263
0.0
0.747002749326704
0.019420795178819877
0.6470014280541371
0.7388822076560997
0.24948972107135323
0.6125793669921229
0.0
1.0
0.43976217105152327
0.3442292227382078
0.37560233898183026
0.0928468716411384
0.7721916246170512
0.0015286035080721958
0.016965059374933106
0.6942995861242182
0.17583068551231218
0.7960505491619322
0.5391241204697491
0.11324640875377891
0.40440302810542095
0.6750765268402773
0.5658833507838759
0.5600795077397344
0.35173614938421355
0.2416879564354677
0.06610837954919503
0.010155836443040953
0.8246608516477515
0.7654338535592992
0.5546540014772993
0.5547634889807537
0.3333855050202801
0.8184692644283068
0.028972430399660225
0.0
0.0005399092025816756
0.0
0.8447019454604539
0.438446145284471
0.4124881381255693
0.2838014230377591
0.17363649221947672
0.6582986348466384
0.8671251329815824
0.5172775902450523
0.47934360696959943
0.00568396409160894
0.0
0.08732136506856894
0.013237693274359091
0.6979813053431406
0.014726012323861469
0.0016508951165411497
0.028904915189962042
0.10122796969108445
0.5285352632796275
0.7563821515787499
0.014921901826239302
0.0
0.0016388244243673727
0.04451925874855776
0.011581574407826567
0.43469701071581346
0.022116337934106764
0.3741427456615732
0.19007385820547648
0.7267847799623144
0.12347203933105437
0.15528004756633326
0.4314342064116238
0.2664705819421357
0.6680955419369002
0.1867452900418527
0.22072626480445356
0.020057636402950812
0.039363776119499906
0.019736483574909622
0.04518761849225274
0.011059539620951875
0.32965827707218937
0.46323583772790056
0.6614940156665455
0.2702274327451731
0.07660658121899724
0.0
0.001897657371953173
0.5274191393647406
0.007301012823844958
0.658720376226712
0.559882870511785
0.8916375513183954
0.5687885827384914
0.07698054202134105
0.09511490419106189
0.4279031279441277
0.5112595711373837
0.03770035387458002
0.5796001715008222
0.2638006161065818
0.5673980093878809
0.018831411990845207
0.29646416160633127
0.00039349891878558705
0.4696030445199815
0.11395679283426434
0.12473344080934162
0.12581806493605785
0.722177426189485
0.8369988986626585
0.7453067355831944
0.11826224411793608
0.7049690272067171
0.0628754994771214
0.0
0.08680557800754404
0.5433994892103101
0.0013668150642750089
0.025580347038986928
0.20933863228145105
0.4795969411413929
0.05734107201253546
0.12717018449695996
0.11588047717646104
0.6330019856345744
0.3056801993908689
0.7378009625999838
0.0
0.32571907971928044
0.3886381592389834
0.0
0.26609057841908684
0.6154066620627159
0.21886722870729547
0.9473684210526315
0.07506597862456268
0.8772135357262083
0.6636558351004681
0.11169082450180538
0.7673119752740606
0.5073728527651522
0.253246017750941
0.5460299804604025
0.0072654797274959776
0.18624682161188763
0.8349154221338844
0.026396078333781
0.43326677778560735
0.05429192629078611
0.253246017750941
0.005036593393675277
0.06534735332903062
0.5265296602042707
0.253246017750941
0.017941079178987535
0.006860405344359986
0.00445235249615904
0.0389389204527425
0.013662830735105097
0.0
0.006545653774759115
0.025787427424604444
0.03261304677190284
0.013745552057209688
0.01017528393196874
0.06192408538175918
0.6908688018705016
0.0021878344171181127
0.7063715574974756
0.13526263262862806
0.06283006075690613
0.1380933812136267
0.0
0.8720415440317325
0.5806793790892995
0.023581326380498892
0.5779357913752984
0.44037730109524126
0.41577956354998835
0.004456428841814776
0.7629393964853038
0.5966167639726345
0.04375619964890445
0.6036520777676013
0.31694959647625326
0.07419364064528763
0.12593550348776847
0.006504992796638981
0.8043885872474269
0.0182823114537445
0.10418260400763817
0.25571697567316076
0.4342169265719432
0.12597334050481698
0.2892648296241415
0.8673887663604284
0.19627278215021277
0.05964591196886519
0.07801504564634439
0.49193848591588407
0.013308550983362711
0.7192461269668337
0.006436526261457061
0.6498810266068223
0.006881778578330361
0.18714932061131065
0.2913100659058423
0.5327497868346471
0.07305383810158722
0.533858526501339
0.4452339191919899
0.012691219363752317
0.22969712500489015
0.10724435640966896
0.2176306185094733
0.2916486120290777
0.3547002915981523
0.8904916179143108
0.5699255217320562
0.6264034579862744
0.4073564997651169
0.6265996533435718
0.1879585401993026
0.006324242976839567
0.3181972514389263
0.0055743310428097844
0.12750126101894566
0.20745156555340646
0.7989824334742387
0.005463311205811108
0.004056607814316978
0.0
0.015478342609688597
0.03547805195135728
0.015472206154607973
0.015418641159720014
0.015394156866497033
0.003206857655228713
0.003611141666653144
0.00944764644853949
0.5340849432650896
0.1738035925480948
0.0
0.6521288521824495
0.20192113566184186
0.20192113566184186
0.011362073776391592
0.09599190291353062
0.04494976251912458
0.07362786097527539
0.3254044297621247
0.0
0.10065749034951792
0.006121602392522638
0.24496903407513484
0.01038054401605681
0.003935901026376501
0.012270237922788797
0.7438489153413782
0.788540778884467
0.013368241779832377
0.11729404706033114
0.08290079331208498
0.0018955937323224703
0.0009017781180960903
0.03775484687244143
0.18332461876387354
0.0009818778761233177
0.006930316298360425
0.0554700519610967
0.02555851540653572
0.015698122109937623
0.8701429130983523
0.002516909370227173
0.0018495644065839607
0.08279618501759088
0.0057807991164309305
0.06517815858391969
0.01590367140108321
0.006698355470344079
0.029502529475226632
0.0
0.0003370774104543849
0.07103014253022788
0.008102630543032917
0.00567432488960285
0.1978675533801113
0.0
0.023587348522051767
0.0005552453666085628
0.7296811133486948
0.23137479959272975
0.10534227647630165
0.18775973495590795
0.019078649639723916
0.9235820604606214
0.023712260456678808
0.2207327871203902
0.022488224812579734
0.012887445312538819
0.4594839327771239
0.02487643299108726
0.6517608372523757
0.010575724533186295
0.01571757171865169
0.3575815865174262
0.01592780177097822
0.004039379049729976
0.05127794568786977
0.1259790986905362
0.21288420417749548
0.7446922190643533
0.02062851554267973
0.7728359701291551
0.10895320962359122
0.36311384742495256
0.05332950862506392
0.8434411011808004
0.06744296463946835
0.0838958209536861
0.001429158800667047
0.39653316829426694
0.4573721843818356
0.007656227994487856
0.006358439317099495
0.7182855302957601
0.37818054231174075
0.0
0.7763374593372042
0.4698518425848664
0.0981959366091736
0.03630715964696867
0.01696079243022211
0.226726229082055
0.014507122981767656
0.6963539657938039
0.12456019910314264
0.48037784431495506
0.5402876869000209
0.6993636882663429
0.014451269532135923
0.02987891865964923
0.24688575620749253
0.15955061560281142
0.23247234409667947
0.6907398934984382
0.00583749277167798
0.5191715273734236
0.7185701935100551
0.05793443579192291
0.01884728513018318
0.18586596007202105
0.32934180279238057
0.02793594688967935
0.028046008502074032
0.00750219811103477
0.563819612861877
0.21696984484330323
0.2199566518507522
0.11977444752200367
0.03798032350880196
0.004092059661661368
0.01991456422926328
0.6775952070723033
0.023500374604732678
0.1818076192510215
0.3678683899153132
0.03882326420050528
0.03854774402987579
1.0
0.0
0.5489039675299878
0.2049501415466985
0.038067894553852774
0.0034307169997150736
0.040732180297179156
0.013776313584407986
0.14796171190329846
0.002064575236314975
0.003502454179311821
0.11544638872475106
0.0265079906809183
0.8603854053082377
0.04454088237677258
0.06529397905942255
0.013903585721890955
0.15788593028788248
0.30058905292998084
0.32580023201425506
0.5404096076179933
0.034637859209008755
0.012151198688105873
0.23256787753858504
0.07798247142952458
0.09109677330308039
0.026218232382604425
0.029803424787181735
0.011757868721656746
0.004913019077169627
0.009802829886288708
0.14949867713670453
0.020478985623442168
0.0053275076722027696
0.009112049712266743
0.19438731850900529
0.023639960058967503
0.14509558922870708
0.43589720531005977
0.035459010210341195
0.003108309134385077
0.5542036671885148
0.34579851295053854
0.01226331008798406
0.0019650936081156275
0.028636908680272816
0.031107701412072093
0.03562506802438225
0.16158341923176178
0.01853253040283327
0.0717703270518746
0.05814555850988332
0.006097903753772416
0.2901535642659492
0.02175444099646232
0.005687215672756328
0.06980267141124658
0.045989198639838164
0.00881209298877104
0.10834064412103528
0.14729214129709234
0.024230748666787923
0.20249197673180172
0.0010624496222921595
0.00567929297436736
0.13980125360201892
0.03239699393064397
0.11180244202072631
0.7853893135239344
0.004323849583523509
0.41180255596359866
0.0030030496528427996
0.7134161948355177
0.029059532741420917
0.016437487892194548
0.08565648171960366
0.0034462379619784314
0.0755868756598416
0.004657676821736745
0.01847998393593726
0.06161170167467856
0.005054333566075448
0.8109042517406352
0.07932811494801491
0.6128103666841763
0.009986069120167551
0.5965967472635856
0.5478845237481016
0.7693029131612594
0.46600842718200014
0.4845697188196971
0.22041088227958494
0.6067018831905518
0.04028568692436413
0.5798527401965936
0.3478101733978073
0.5596416055444888
0.12499851281218874
0.1497830265204732
0.06134816410460564
0.17019644310758494
0.25171590149050943
0.0
0.5390438095753075
0.015467485786017157
0.8717223953216984
0.48571448208836776
0.18055774850144565
0.4454811969487465
0.0691886692550696
0.5041542569443781
0.3884080590877545
0.048178414621762554
0.007693776015766529
0.27338752217583295
0.053296729995044034
0.05348342053567003
0.8020312299279627
0.08822611323586292
0.003183948778920684
0.35004052946019365
0.4786278181384082
0.10197668500423009
0.032273399228316915
0.6549751373011667
0.0037706125222352273
0.3623554008527837
0.6080977188448972
0.0125662645269406
0.41733111204828194
0.07377111287776912
0.449882799601084
0.19419947856128866
0.7181806861567906
0.06610762819889288
0.06714152894123315
0.47054296493736925
0.056059807153134765
0.6947576373139938
0.2657789715773912
0.28218991947663896
0.23905192728605276
0.8533655563735136
0.5684632532462711
0.27042466414544836
0.6498034145805457
0.3313426934421531
0.4603708270776927
0.4805741204120569
0.7196356191106515
0.020487960990517706
0.15351464436367881
0.01099355743952229
0.03321075850264826
0.36505067712419054
0.4252261921915846
0.0010700153742838616
0.37895854628473147
0.5383492879251487
0.33370218340567187
0.24600872472411606
0.04447892745553143
0.004744303128453057
0.21455369370205557
0.19485860366872973
0.350760526524108
0.3995842709124148
0.08348493579386014
0.3068769068858429
0.36640456774109104
0.02356464482352896
0.014429272526213873
0.525353779058108
