0.0
0.28111759389784446
0.6059898464573409
0.1745737452021629
0.583364418119185
0.6499153208026994
0.5876956112877733
0.011314693652264469
0.30812063225260927
0.812071887463094
0.33926301409204485
0.12454601088425173
0.004032654630367751
0.24478962647221109
1.0
0.12724550026647224
0.8252885680665425
0.031225636821609632
0.08369956703507563
0.2770268812351636
1.0
0.02386053457097793
0.001138501587413949
0.8210075223017845
0.8510837983166997
0.06996024521012646
0.7378866016523502
0.609058864165818
0.3455599632966809
0.056532566216203686
0.6565627750067509
0.5430258976442844
0.01028655414589665
0.26810200300482684
1.0
0.00989002394216637
0.731317650271455
0.36174832176449423
0.0009090245326561798
0.45020401830132306
0.32665565795255247
0.0037949682064964533
0.8260369987778666
1.0
0.8124469215208009
0.05672378404351143
0.6121077236407573
1.0
0.166742426105611
0.2356664281876899
0.788616790673059
0.8274496021980052
0.3718334132166786
0.022503308824707188
0.04008326311513557
0.7303793508919104
0.26505907292838043
0.8144916151560601
0.3178750431594795
0.5485792811312648
0.7284488267288475
0.44042241672655696
0.891014307281764
0.15524480750840894
0.4709146884120051
0.017572828348604106
0.15497150539812493
0.5819965348412621
0.016043564468319282
0.016511124514364296
1.0
0.60049811569672
0.005462408090703901
0.5979253076429838
0.4007750615835711
0.7550428160091303
0.0047690581210957615
0.244739683786552
0.2695045298725157
0.018925240703938945
0.012604750542008977
0.5209749909031398
0.4082268823573216
0.022687474402021738
0.0
0.49759267467392876
0.6658944659234615
0.5836186729133589
0.30275902738426314
0.7131316992364553
0.16094196365130217
0.0012527265350925584
0.2635914516162898
0.17323763201561354
0.7403612211559024
0.4354999388681435
0.1715409431460713
0.4823127243333841
0.09097573924201666
0.028752599207823536
0.6781209140950779
0.15293947639613395
0.5761517723725362
0.812071887463094
0.5308687957024213
0.27491463025872664
0.22475028723931842
0.49944057842678147
0.3717809039359751
0.5937611390659349
0.3410465660226255
0.05408127259157092
0.24672397018480555
0.008861133998234124
0.5389641810969049
0.2540041582716531
1.0
0.18006313577221889
0.6885245888993186
0.3500005202686308
0.2799323035782805
0.29146636134652526
0.6923897346560931
0.7953452722035875
0.8686793761090197
0.031773084271213795
0.23786847770909864
0.0014463883105812207
0.6030277785866904
0.19796230050914812
0.6402135880446334
0.261888234449818
0.03236573210729902
0.006758584538793104
0.018762074703686467
0.017482624501938816
0.829077860192518
0.9012199445842797
0.007612119328278212
0.477577548622932
0.41623278242045475
0.8382980161619669
0.47056373955546843
0.5981498924031097
0.21434784134964743
0.4860072031838037
0.012825630971466407
0.7313999905443465
0.12462071849074893
0.5888385803113524
0.33796285701221956
0.006924749101788757
0.10263181800078156
0.0
0.008053795164544781
0.020309909774146297
0.13726114438989928
0.8124426855444306
0.6910147207495932
0.011275447271568855
0.026085814547555496
0.16229246082296916
0.009015624694082468
0.7121056498850218
0.39214469285157394
0.622106918349124
0.02537895666766126
0.8295211822486852
0.009972684726410037
0.6652749601987158
0.009002194009095212
0.25429601415718645
0.01011249152961496
0.5180028503888607
0.007450803483590182
0.008245514304119928
0.08120433839971827
0.014120628455077189
0.5180515557594318
0.6993395988924144
0.5196359373169339
0.22768215787033289
0.3046256020885922
0.5445747347363554
0.587680718486886
0.42745540876605653
0.5693641985479514
0.5170988510696068
0.7918748667174372
0.033144126575897284
0.6114979508933649
0.6977823115430428
0.3419302168252737
0.6065547646184315
0.20337725134086737
0.7701900001136657
0.0
0.32670754342956776
0.47158604664291837
0.697339219453007
0.3283117614990003
0.0027885792367582174
0.39661097669932294
0.0014323664106765106
0.2079324466725072
0.11323070251956371
0.16399508519359324
0.730022829524702
0.21911378484872285
0.03155788158707112
0.8020739406187214
0.017819571585023085
0.0002493065374668239
1.0
0.028197073333256634
0.8768808343340313
0.6574328359203379
0.6727430297142961
0.15113326149235018
0.27733838195435556
0.026011147777940002
0.33171048787386576
0.0300126304995598
0.01990102793865383
0.36188125944231286
0.4194422092194291
0.3687706299336778
0.5069592456077625
0.46953772660870996
0.3952565999478818
0.012846436470900516
0.10978897060423824
0.6547664581930686
0.12216904437623696
0.026485299426740837
0.27636664254921106
0.468428315557209
0.0
0.7461848308089791
0.018449755419878883
0.6332885732580318
0.7519380972732947
0.2587368106414913
0.6050270171297084
0.0
1.0
0.4192174481699761
0.32701776160129736
0.3568222220327387
0.10415659496275734
0.7706826572831273
0.001452173332668586
0.017079818664250068
0.7067288214401825
0.17330211061176692
0.7751298105654039
0.5445747347363554
0.10758408831608997
0.43418287670014993
0.6413227004982635
0.5717789736082903
0.5820755323527477
0.3841493419150029
0.23848973795465275
0.06280296057173528
0.009648044620888904
0.7961059858166821
0.7271621608813342
0.5543821024285093
0.527025314531716
0.3367814220379393
0.8275458012068914
0.027523808879677213
0.0
0.020313890485847082
0.0
0.8524668481874311
0.4442638749647517
0.41882460661510273
0.286753629352873
0.17491058605812254
0.6753837031043065
0.8737688763325033
0.5169516263520626
0.5035017068476344
0.005399765887028493
0.0
0.0829552968151405
0.012575808610641137
0.7130822400759836
0.013989711707668395
0.0015683503607140923
0.02745966943046394
0.09616657120653023
0.5361476077182636
0.7615450749198026
0.014175806734927337
0.0
0.0015568832031490041
0.04229329581112988
0.011002495687435238
0.4577026017915419
0.021010521037401426
0.38976620277707896
0.23057016529520266
0.7037501468234919
0.1307166529657418
0.16105549268128733
0.444193090489627
0.3031470528450289
0.6733371143658439
0.17740802553976007
0.2096899515642309
0.01905475458280327
0.037395587313524915
0.01874965939616414
0.042928237567640096
0.010506562639904281
0.3131753632185799
0.47440464024008994
0.6784193148832183
0.3067160611079144
0.07277625215804738
0.0
0.0018027745033555142
0.5324618166765788
0.006935962182652711
0.6257843574153764
0.5690621952953991
0.8970556737524756
0.5903491536015668
0.07618809283593492
0.09035915898150879
0.4339968830519859
0.5336292030081604
0.03693092131755441
0.6006201629257811
0.2780994968063172
0.5390281089184868
0.017889841391302945
0.31801707709470034
0.00037382397284630765
0.46197354840315386
0.10825895319255112
0.11849676876887454
0.13675748731098603
0.7155291322114122
0.8273894057956188
0.7443592766478526
0.11234913191203928
0.6991811531777826
0.059731724503265325
0.0
0.08246529910716685
0.5543600910496437
0.0012984743110612585
0.024301329687037583
0.1988717006673785
0.45561709408432327
0.05447401841190869
0.12081167527211197
0.11008645331763797
0.6242809495364168
0.29039618942132545
0.7509109144699846
0.0
0.3327353029080833
0.4004392065492087
0.0
0.27921469810669614
0.6178339147091034
0.2151183685990631
0.95
0.07131267969333455
0.8833528589398979
0.6555643189242716
0.10610628327671512
0.7596832026590898
0.5054013144011722
0.2660931083361847
0.5687284814373823
0.006902205741121178
0.17693448053129324
0.7931696510271902
0.025076274417091947
0.4493277356772228
0.0515773299762468
0.2660931083361847
0.0047847637239915135
0.062079985662579086
0.5502031771940572
0.2660931083361847
0.018924739762832973
0.006517385077141986
0.004229734871351087
0.03699197443010537
0.013287558545947042
0.0
0.006218371086021159
0.02449805605337422
0.0309823944333077
0.013058274454349202
0.009666519735370303
0.05882788111267122
0.6877389960570518
0.002078442696262207
0.7082264479318052
0.13355276918599251
0.05968855771906082
0.13741654812928242
0.0
0.8707948234734261
0.5888188784440379
0.022402260061473948
0.5804526360866087
0.4183584360404792
0.39499058537248893
0.004233607399724037
0.7630172122937308
0.5896812656504506
0.041568389666459225
0.6234694738792212
0.31219536261683123
0.07048395861302326
0.14334257810627643
0.0061797431568070315
0.7641691578850556
0.017368195881057275
0.09897347380725627
0.24293112688950275
0.41250608024334606
0.11967467347957614
0.30704741915484685
0.8740193280424069
0.2364591430427021
0.07583793012714694
0.12411429336402717
0.4919886387646297
0.012643123434194575
0.716004683593886
0.0061146999483842075
0.632203100657178
0.006753224964210101
0.19345370894372874
0.3267445626105502
0.5267976090586504
0.06940114619650786
0.5269312142184508
0.42297222323239037
0.0120566583955647
0.21821226875464564
0.10188213858918552
0.23099094456943664
0.30497829373882307
0.34549039635800216
0.8871335370720598
0.5610194107039935
0.5950832850869607
0.412842180704469
0.6452696706763932
0.1785606131893375
0.006008030827997588
0.3258117683573804
0.005295614490669296
0.1344458415505842
0.20818098381440464
0.8057401279948971
0.005190145645520552
0.004065506477607851
0.0
0.015300817522878507
0.03370414935378942
0.014698595846877573
0.014647709101734014
0.01462444902317218
0.003046514772467277
0.003430584583320487
0.008975264126112516
0.5410219291729255
0.16511341292069007
0.0
0.6507657983947635
0.19182507887874978
0.19182507887874978
0.010793970087572012
0.14119230776785407
0.04270227439316835
0.06994646792651163
0.30913420827401844
0.0029209139000352354
0.14562461583204203
0.005815522272896506
0.2327205823713781
0.009861516815253971
0.0037391059750576756
0.011656726026649357
0.7372621924285274
0.7645877188634688
0.012699829690840759
0.11919170151627057
0.07875575364648073
0.0018008140457063469
0.0008566892121912858
0.03886481212176829
0.1843146683026523
0.0009327839823171518
0.006583800483442403
0.05269654936304187
0.02428058963620893
0.014913216004440743
0.8766357674434347
0.0023910639017158146
0.0017570861862547626
0.07865637576671133
0.005491759160609384
0.061919250654723715
0.01510848783102905
0.006363437696826875
0.0280274030014653
0.0
0.00032022353993166563
0.07134954114323201
0.00769749901588127
0.005390608645122708
0.22427419708772298
0.0
0.02438818043791744
0.0005274830982781347
0.74319705768126
0.21980605961309324
0.10007516265248657
0.17837174820811255
0.018124717157737717
0.9086667470571834
0.022526647433844867
0.2096961477643707
0.021363813571950746
0.012243073046911877
0.4440372784786401
0.0257029240635352
0.6537170286170071
0.010046938306526981
0.014931693132719104
0.3397025071915549
0.03754039546973391
0.0038374100972434775
0.050686899676498906
0.1196801437560094
0.23128377098102493
0.7446532683252572
0.019597089765545743
0.7594510320440032
0.11580895801167845
0.3516315556833548
0.05066303319381073
0.8512690461217604
0.06956461559166208
0.09628829702057998
0.002086354137815552
0.37670650987955356
0.44378361532734534
0.007273416594763463
0.00604051735124452
0.7194447700972014
0.36737668528763334
0.0
0.7797503453384105
0.4733582622587549
0.09393823444942068
0.034491801664620236
0.016112752808711005
0.21538991762795226
0.013781766832679274
0.7003972962821015
0.12601750725875013
0.4986717785748217
0.5132733025550199
0.6643955038530257
0.013728706055529127
0.029940341364298722
0.23454146839711792
0.16348892289284395
0.22958066508786934
0.6855862851760215
0.005545618133094081
0.4932129510047525
0.7192794839656548
0.055037714002326765
0.01790492087367402
0.17657266206841998
0.3128747126527615
0.026539149545195383
0.026643708076970328
0.007127088205483032
0.5621705228306066
0.20612135260113806
0.22049231802279462
0.11378572514590349
0.04490653990369739
0.0038874566785783
0.018918836017800117
0.6630173791476335
0.022325355874496043
0.17418917476017168
0.3656155938069009
0.03688210099048002
0.036620356828382
1.0
0.0
0.5214587691534884
0.1947026344693636
0.03925083190819854
0.00325918114972932
0.03932076012996635
0.013087497905187586
0.142470861762449
0.0019613464744992265
0.00332733147034623
0.11715613825562654
0.030310537921183066
0.8457791563597533
0.04231383825793396
0.06202928010645142
0.013208406435796408
0.16523705700420036
0.2855596002834818
0.3095102204135423
0.5633891272370937
0.032905966248558315
0.01278308413874791
0.22093948366165578
0.07408334785804835
0.08654193463792637
0.024907320763474204
0.02831325354782265
0.011169975285573909
0.004667368123311146
0.009312688391974272
0.1420237432798693
0.01945503634227006
0.005061132288592631
0.008656447226653406
0.2056707093551359
0.022457962056019125
0.13784080976727173
0.4141023450445568
0.033686059699824134
0.002952893677665823
0.526493483829089
0.32850858730301163
0.011650144583584859
0.0018668389277098462
0.027205063246259174
0.029552316341468488
0.03384381462316314
0.18206003685824426
0.017605903882691606
0.06818181069928086
0.05683066023218346
0.005793008566083795
0.3080839735547616
0.020666718946639205
0.005402854889118512
0.06631253784068425
0.04368973870784625
0.008371488339332487
0.10292361191498352
0.13992753423223772
0.02301921123344853
0.226697972293796
0.0010093271411775516
0.005395328325648992
0.13281119092191798
0.030777144234111774
0.10621231991969
0.7915255268402338
0.0041076571043473335
0.4083659712602291
0.0028528971702006596
0.7160551500191291
0.028759853115842143
0.016249413461497726
0.08137365763362348
0.00327392606387951
0.07180753187684952
0.004424792980649907
0.0175559847391404
0.058531116590944635
0.0048016168877716755
0.8199829776847324
0.07587058160722868
0.6175184741790021
0.009486765664159175
0.6167669099004063
0.5557950272033517
0.7808377675031964
0.49270800582290014
0.4847710292034885
0.2093903381656057
0.6047393347003018
0.038271402578145916
0.5614567591863546
0.3804196647279169
0.5692669941859647
0.1187485871715793
0.14229387519444953
0.058280755899375355
0.171753671705082
0.27346070081456836
0.01877442573785609
0.5481219510174068
0.0146941114967163
0.8781362755556135
0.481262131842758
0.17152986107637336
0.4732071371013092
0.06572923579231613
0.5289465440971591
0.40254551772314884
0.06596437702577843
0.0073090872149782025
0.2940487404656257
0.05063189349529183
0.05080924950888653
0.789779313709851
0.08779422903242533
0.0030247513399746496
0.3486885462240477
0.4852413096472958
0.09687785075401859
0.03065972926690107
0.6377233414885448
0.0035820818961234658
0.39423763081014457
0.6276928329026523
0.01193795130059357
0.42528007129580675
0.07008255723388067
0.47738865962102983
0.18448950463322422
0.7236427645840195
0.06280224678894823
0.0637844524941715
0.45568444460243196
0.05325681679547802
0.7100197554482941
0.263678225562923
0.26808042350280703
0.23862774912752793
0.8239777606744138
0.567982405907782
0.2569034309381759
0.6504782413618073
0.3147755587700455
0.48735228572380807
0.46819776285872183
0.7318346243013779
0.01946356294099182
0.14583891214549488
0.010443879567546175
0.031550220577515845
0.3811287376665654
0.4539648825820054
0.0010165146055696685
0.39166409750745246
0.5614318235288913
0.3670170742353883
0.2417506158430763
0.04225498108275486
0.004507087972030405
0.2038260090169528
0.21944626788387764
0.367553094596487
0.3933426623172374
0.09761283079305665
0.3415330615415507
0.3480843393540365
0.02238641258235251
0.015690561199039006
0.5490860901052026
