0.0
0.2155583861399264
0.5921694852753073
0.14422923273627827
0.6239357118062883
0.594366303720048
0.5600064576897584
0.010815193179699782
0.2793864724491353
0.8278801962402113
0.35335543526763663
0.117696684325559
0.006204084046719617
0.2658965976921406
1.0000000000000002
0.12129316490209623
0.8173578262550454
0.029610894369838957
0.08249389427177108
0.3067382176414998
1.0
0.02471844318521341
0.0017515409037137677
0.8002544856019198
0.8736847096918332
0.09675581876955591
0.8222575613056068
0.5597456160062875
0.4356659076808151
0.0557962945497075
0.6042027167985358
0.5256892732501941
0.009403205021831496
0.2383689997618137
1.0
0.014046620459774454
0.7615780229819316
0.3384401341427879
0.0010588528189589051
0.4426220190604019
0.22552592189485576
0.0058384126253791585
0.8365676694626191
1.0
0.8228975751828093
0.05044594601393653
0.6476747926133157
1.0
0.1692371197422355
0.28196712978032723
0.7637759104282718
0.8471462505362723
0.40855749671893943
0.027726955846214096
0.03523782774769405
0.7542219440999409
0.22903058634092147
0.7898167304802738
0.30756005614391413
0.5589294368724154
0.7317896636961316
0.43508542638036624
0.8971451269250565
0.14935948505245034
0.38443179958617174
0.02703512053631401
0.12068386404453844
0.5709025580268787
0.010399666362689243
0.02267327434708634
1.0
0.7013057449303517
0.006385972044302152
0.5784873563009774
0.4247821298617503
0.8001103905096887
0.00666682366769478
0.22218222125387085
0.22747710046377018
0.0189519120355412
0.018737892098088613
0.5508932453581488
0.4682642491143915
0.009473722356824553
0.0
0.5240324104316556
0.7030691123127608
0.5365354887699516
0.32118486299681004
0.7469856542754505
0.15219246212335483
0.0019272715924500898
0.2779334532322775
0.2522336762639711
0.7508363762708643
0.4332359633093648
0.1862796936755252
0.436058749480201
0.04798943703331142
0.029191378196284114
0.7054166785182742
0.17400045633191547
0.5689676459706524
0.8278801962402113
0.509974394825415
0.3096712338420194
0.25421964371030653
0.47147323932298474
0.30496289528937115
0.5801861727414571
0.31216617273638947
0.07438719289233194
0.30329563298861195
0.013632513843437114
0.5604903825328653
0.22807436178833596
1.0
0.2289741333513142
0.7257653451104041
0.3538847095733939
0.27967468060025513
0.272404900189717
0.7086503209515362
0.783214312110804
0.8663843113499131
0.020329473717162202
0.2467792498488561
0.0010967950896304077
0.6614720514466043
0.20390508629249857
0.6740270498972953
0.2715714763218309
0.03424233381585916
0.00874769553218965
0.019537382155477054
0.021727100926829078
0.8956617995940943
0.8994457096928533
0.008325782398303979
0.4673452209567008
0.43297426895862984
0.8506437823482608
0.45653416359933235
0.6772339499606086
0.23013389417843608
0.5026438438325631
0.013676340385221501
0.7682340521159137
0.06907467558009152
0.6839607500919086
0.2908066479207739
0.010653460156598089
0.10299295902635326
0.0
0.0026194250224692937
0.022016936529403095
0.16538736292604128
0.8705100059528892
0.6616335744501706
0.011581313233770365
0.03229649669830271
0.18144194537281477
0.00795813538862625
0.7791999225000779
0.39350651022454175
0.6002902674557057
0.027941383334262385
0.8687624338334164
0.013474012273498159
0.6793258397325092
0.011603171520428559
0.14210107904186856
0.009514573956557172
0.570467090530726
0.008129798176955465
0.00785819920835087
0.07588783445531654
0.01699497138468436
0.45378571404505674
0.6694800769539833
0.5104551679375843
0.22220901449734182
0.2931572579317497
0.5682190373932204
0.6314845892171339
0.40575838442537504
0.5861311932899015
0.5304803302837932
0.7979861211189628
0.02138599888418594
0.6235762124848463
0.6961959706651896
0.22793611827655563
0.6196451865352472
0.259482784918091
0.743277595313577
0.0
0.29681554009825384
0.6165604863428535
0.6559130791583446
0.2871443494378172
0.0030154863218667363
0.4169471891091836
0.0022036406318100164
0.18428262813349983
0.11247444021188108
0.19770244661528183
0.7254534931636102
0.22209943985833222
0.04855058705703249
0.7988773238805772
0.023774219174258114
0.0
1.0000000000000002
0.03439006970689828
0.8647202273240052
0.6864032267701319
0.6688797537040135
0.17740820412570882
0.2630858735940838
0.040017150427600005
0.3364906038615016
0.04065918192173009
0.018354182606028457
0.4574033352094343
0.35648483447377644
0.3435349543441207
0.5502418348477899
0.49069972395350747
0.38417639670124937
0.013618188316252012
0.09718943753813453
0.6472440964277285
0.08350837863907513
0.035443430748990715
0.3476054899601992
0.5014201733128549
0.0
0.7630510994924021
0.022758420930690373
0.6536607783575274
0.7419373144559462
0.2133347102828398
0.6146546050999485
0.0
1.0
0.40052504650686
0.35512311758665377
0.4124832251158233
0.12048162743314089
0.7572204811099474
0.0022341128194901323
0.01817987446120382
0.68926170836205
0.1741958904367831
0.8530792506132887
0.5682190373932204
0.11199493012231451
0.5583789601513207
0.6761548287131004
0.6320999517377982
0.537298140113706
0.34283564560402446
0.26277871326134666
0.07471498335546858
0.011767927404940441
0.8526163702570467
0.7909019565964073
0.560101165932944
0.5668307077907968
0.2711890208314175
0.847967745892681
0.03153058673314584
0.0
0.0
0.0
0.8799078932753501
0.38136195702685166
0.39627604254093707
0.28475234397656535
0.1805330471683493
0.7348574251353417
0.8530052106726111
0.5274679954026221
0.46083105854387735
0.00297372139635693
0.0
0.06388842839790772
0.015739755765730622
0.6728070381763295
0.014081405780680263
0.002412846708790911
0.036215951545190896
0.10905805632975027
0.5342627376012452
0.7610308811750852
0.01754030046228092
0.0
0.002395204927921545
0.05678550347580857
0.008917331567605134
0.40611980995038316
0.028507137637381434
0.22769627795351693
0.13860244203110675
0.7531296177681607
0.11310115817434543
0.1481383128497661
0.42960403531009217
0.17777134775148168
0.6797977080832057
0.2578021583514737
0.2510745727592133
0.028412754269112567
0.03483050641036067
0.026392970371487637
0.0594677811377347
0.013204224269741436
0.3700495087017642
0.4008059125325439
0.6806569670072892
0.20801432390733954
0.08507877191514848
0.0
0.0027734992359315603
0.48101141507904444
0.005951174395993953
0.6937151603450851
0.527447549424531
0.8905213895553952
0.5952505590918573
0.08004137931425317
0.10560548990727373
0.41986617818949645
0.5105548596427323
0.04182293827514208
0.5314629365059541
0.2473300205693731
0.5586275377432284
0.017477597697967726
0.3405751418731227
0.0005751138043789349
0.47545703199256606
0.11849543687145689
0.14644863614275216
0.1284175365696558
0.8027447773713632
0.8354229000904163
0.7722941905565064
0.1728448183262143
0.8297108886463852
0.06843768709921205
0.0
0.023774594832869936
0.5579810475855826
0.0013257151298942014
0.037386661056980894
0.26636288222452886
0.47965583367614156
0.058929864076759216
0.15169573522736537
0.144188537844284
0.5406621831214568
0.3373388470529791
0.7448119530805294
0.0
0.3170516984489539
0.38829178750748244
0.0
0.2578495752079656
0.6680902143195097
0.2284834986891932
1.0
0.055878196738070526
0.8637004823283582
0.669927582518263
0.1253649722498419
0.779012204399186
0.5267503992042459
0.1709055423551279
0.5016251487153689
0.004650779434297431
0.14571132398090275
0.8297275325334653
0.032603225930922894
0.4298102027081
0.04490360926602924
0.1709055423551279
0.004565243919664377
0.05367544222071719
0.5389694382547501
0.1709055423551279
0.01628544182696458
0.010026746272526133
0.006507284417463211
0.05128678496336382
0.015539124213048828
0.0
0.008211309024481724
0.031077287940488783
0.02798322566355744
0.01573480709270557
0.012308022931046995
0.03348863634476684
0.7023958718087443
0.001798153419628896
0.6938923756590439
0.1786022649607531
0.08279289674649519
0.13834085522685863
0.0
0.8889511491004733
0.5872949613432775
0.026191170060685144
0.59683294689502
0.6031363681824673
0.3995341849237294
0.0
0.7731491173624623
0.6176010359908888
0.046198645056262394
0.601773785814837
0.3169542543323224
0.10504226968699482
0.09262606110151232
0.006652625109013149
0.8041120834505099
0.025459082395846412
0.12521327018526915
0.3498356802791159
0.5277099723753753
0.11570635812057038
0.306273258612338
0.8664259415974171
0.1384974235525653
0.05350060606501287
0.05328681505321954
0.483987061397587
0.014992525308997402
0.7207663925987675
0.009407230689821858
0.6626914457362338
0.007590576662493472
0.19177098596862047
0.2400506167854911
0.5572777531606904
0.07446538343184486
0.5398268136574474
0.4188354856169968
0.01036948186410971
0.24233732813989411
0.026568667884047957
0.2160137247387746
0.28522615951664043
0.3765482216106025
0.8943970832063884
0.5469502986194832
0.7835027455586663
0.43543521770267457
0.6264306134940039
0.18083341056661803
0.009243124350765521
0.32760894153506
0.0
0.1491183551635029
0.21258058745152017
0.8026469339281721
0.0066490605865913354
0.004413574473834366
0.0
0.014952481994402363
0.05185253746736833
0.018666910172174735
0.0184368384678252
0.015524159540742353
0.004075810827716756
0.005277822435877672
0.007118734660290279
0.5363308557008746
0.22293525491476604
0.0
0.5946584712648565
0.2380283910657907
0.2380283910657907
0.010247322434636167
0.09040305213814318
0.02558553303023399
0.06382846227320892
0.38095533506433443
0.0
0.06336262151293923
0.008324431015540363
0.2963371228313602
0.012555977258339103
0.0042210335124124206
0.016815338343906538
0.7423738887277083
0.7936725096381723
0.01654634501645124
0.14293239575967015
0.09361887349934182
0.002770483147240534
0.0013179834033712088
0.03201176298276675
0.1717957185895627
0.0014350522804879259
0.009042215472863269
0.05362456039294446
0.027444336680827845
0.021974692661542946
0.8715300802650762
0.0036785598487935607
0.0027032095173150196
0.025140835000871185
0.003583226210668388
0.08425231764443439
0.023243827432352385
0.008411538558928523
0.029615213156232948
0.0
0.0004926515998948702
0.0660263454267014
0.006670967962154501
0.0046812126747000065
0.2731207609483477
0.0
0.02022066641895503
0.0003800621772371398
0.70380984139455
0.2590359305598185
0.1218537469262507
0.1966669248722196
0.017783023106136706
0.9487826688751629
0.027749873325472588
0.22961545852915682
0.028459744925811277
0.012381180497727682
0.4637939721160669
0.022916726204715673
0.6374371452049862
0.010566309831016056
0.019572717772189295
0.3410975876142726
0.014121155621204185
0.005903707841913042
0.05324611936178328
0.12766923271736266
0.1914943070196579
0.7321988268158092
0.02184519664520261
0.8184960095474213
0.09696749833132626
0.4815745608297002
0.06006862741166309
0.8420469848912474
0.06641467840212889
0.08866757444628498
0.0020887705548210686
0.3945041505025533
0.4739563255796977
0.009447768724096646
0.00929310361729926
0.7043728530881384
0.3807604384190648
0.0
0.8291262386754857
0.4889189194763595
0.026734540054004566
0.033926759893337106
0.017456334488650846
0.25089692622292314
0.015464761732528715
0.651011951507364
0.12431790238726387
0.47844203419121356
0.5587406507094022
0.7277669379382855
0.02112108623927558
0.035714055611332465
0.3392776936641475
0.16018906138385736
0.2301369077047643
0.6932147086500624
0.006504708261986448
0.5570922250723372
0.7290998888545772
0.07184780020924718
0.023498603517502718
0.10800757527633172
0.35105389450834
0.035151667239563894
0.04099032011841589
0.009324198340700666
0.6707107134435317
0.25209498917211837
0.29262843387366494
0.1716965172405884
0.043323234106974834
0.0059807025824281535
0.021179810273886625
0.6808994208494018
0.029778544978619557
0.19380203535901666
0.34725554563615285
0.03888476275479666
0.05206812381604426
1.0
0.0
0.6070060332880938
0.19873887691107703
0.0455982396538117
0.0018431939456360845
0.035568559949883914
0.014010780010879659
0.17970897881716402
0.0021344643999523286
0.0051189714928403535
0.12726490529068282
0.033343340716431816
0.8639175225650888
0.058313098623650556
0.02638517360239674
0.016873615895231415
0.1441229317156033
0.3136343790285366
0.2995761306703169
0.487357679787294
0.03169931820821566
0.010067808559273419
0.22165849624351563
0.06174758360810115
0.08534579515401602
0.013502368612416023
0.02971275439587618
0.017184577362421398
0.006680057483001303
0.008623045681895997
0.16796274389775825
0.018607552359414272
0.005571854162621375
0.009776821331516599
0.14583534488927222
0.03292328025194024
0.1735077927108879
0.46064136264533495
0.04233021548784917
0.004542913350255112
0.6150402340883109
0.3459176240504362
0.012595758070333822
0.0028720598887843787
0.03655132681538696
0.027295725632392295
0.0414075461606314
0.13584823234189794
0.025016152694894298
0.09606801568692237
0.06314311716188349
0.0066908270706143936
0.27750911377003945
0.01916205450084494
0.0070554983266570195
0.0709474758929572
0.0527234792794417
0.011453239007062568
0.11130780195985945
0.15012097363502405
0.0266786245875638
0.13596598811645072
0.0015528109864270023
0.005031916858195954
0.14867725412522548
0.020420393669181615
0.13022635927885234
0.7908366511128455
0.006319472468226667
0.42690642508698856
0.004389072569539476
0.7386145015207396
0.032964187552269056
0.013149596955408837
0.09651253798281668
0.0035701254453212824
0.06420737405292498
0.004775075489411664
0.013619330696427187
0.0772528395297496
0.0
0.7729852795134876
0.08383013030788596
0.5151293192515163
0.00999507960601037
0.5684546712542465
0.5401763067187911
0.7465552172320746
0.4582384627180266
0.48900237443408634
0.23087872404035137
0.5465242796838409
0.05114637761770469
0.6011860402782914
0.25980971795651403
0.5469226463018108
0.1604019378002461
0.14800734982230562
0.06794731901786014
0.15525625279914326
0.19524395275237305
0.0
0.5449285978120597
0.010878923262943081
0.8650741569067336
0.45741525568643304
0.16429601653422768
0.45589981925269185
0.06747134879979086
0.45443757774125804
0.387994768103875
0.04447720685187077
0.007535538841463911
0.2039050365388892
0.02068095929696779
0.07461581173874718
0.8527102946579164
0.08898106999920129
0.0025778842678774797
0.3553650587395038
0.4777547504627125
0.08438304059428589
0.03665352803267557
0.6429799608584202
0.004140273074600605
0.28890715071197737
0.6147158677375468
0.013463230914733169
0.4165923118634583
0.08634115666223702
0.41945699009611814
0.2034447733127115
0.7286706152424777
0.0656316021172778
0.09812992691410999
0.4722977466395656
0.0595860760673166
0.707027831885806
0.27110986582887536
0.22063877264445642
0.22475065456893434
0.9253265896238189
0.5520280986867261
0.30499663660414483
0.7112116563659961
0.3333990051961503
0.47596327814145883
0.5511823468775432
0.7596369746447718
0.02994394298614126
0.14566039222633198
0.014634176406384649
0.03528592237709159
0.2273568251168615
0.31358252379246304
0.0015638686239533362
0.3730855581343689
0.5516545117567404
0.2897491318664642
0.23942593678096338
0.04918107874537122
0.006933981495431392
0.207703153249482
0.13704664700970445
0.23506975404758385
0.4378680502319864
0.08236218903064023
0.2507987971848729
0.4065909654163485
0.03444063474208078
0.013560088824782764
0.5308462068345458
