0.1450839438345309
0.3765071754727415
0.7375835601502398
0.07114020875743715
0.6520662003843052
0.6453144896717994
0.7009355334090387
0.03689961196274418
0.2745370279330963
0.6471519522112346
0.37012380853040655
0.17776708616610493
0.024285331397669484
0.2092355401317426
1.0
0.12110751704078977
0.3736513691678532
0.020592957026631248
0.081490856357132
0.16818021313807538
1.0
0.08749475668179357
0.02906608308813472
0.5185255223709606
0.7792723624767476
0.011324489368044043
0.7749475201543097
0.21176037972585285
0.6130811692755193
0.28550812659143465
0.4519877649081308
0.493807498165363
0.0024336270927134683
0.04965049400151672
1.0
0.004681198800810449
0.45882653452134764
0.2870344451183743
0.004632870790312028
0.40098230806090895
0.2328425006561385
0.0
0.28641557531802153
1.0
0.7343142263776247
0.3441351407111261
0.7930023973693122
1.0
0.20806675614850179
0.03542139972390207
0.7244949010852042
0.6887318971164257
0.1873559922603633
0.01179366477548157
0.02362845288892059
0.17735583680326097
0.3195912825867838
0.3721766011118917
0.30153835216939917
0.4308590584780165
0.5587573840019014
0.3233734176229808
0.859939568920457
0.08166041468698604
0.1176655571001664
0.019279464825954454
0.024307674185947724
0.7158442906969683
0.023884791570458298
0.012147557628903778
1.0
0.5965072289010037
0.030754005147004396
0.2564377342418385
0.23081805189930227
0.5660117491760175
0.012257005158816529
0.291922035385848
0.36221908957023974
0.1160530228588293
0.003820698818844171
0.7844293053936051
0.24621141437747557
0.176549901374927
0.025207103934219363
0.15365898770375575
0.5789904678532293
0.5261452538107564
0.19386390461631986
0.03236405319123588
0.4326120863002762
0.020565912122691647
0.0779040233311399
0.046265859921155825
0.6004145601928231
0.38265688186949676
0.07299301978383836
0.23101755219979325
0.15422426347752535
0.029857592384027604
0.6699038531096911
0.47760303858014
0.5589667324720907
0.6471519522112346
0.21647808684821032
0.15297906186130752
0.07395586985798482
0.4547832970458748
0.34164651547036967
0.2910513358360881
0.3993726624345035
0.10333105754409591
0.3808348326597264
0.258712999208854
0.5126236614861366
0.40464951635631397
1.0
0.14008488169922612
0.4800755179198444
0.09257308457502947
0.6224916709072916
0.5919434552741002
0.25364308350257814
0.3410049417981357
0.4398283208150006
0.033363580758998056
0.38749527624349045
0.011504310309105446
0.6273325456507637
0.16045489393749954
0.3369033014424497
0.3301038140153626
0.0366471759628966
0.023171231336061745
0.10489668367566368
0.009313182169311695
0.7795520515294253
0.8321134970779901
0.02261732794964462
0.047740589186828705
0.29765968251634656
0.8262630259296128
0.5641071882344046
0.5194161273254727
0.31817295415021546
0.5056351245941203
0.02702003572845836
0.7786055975536006
0.6150842992632152
0.7325515374644082
0.10988621893178167
0.013692100401078836
0.045304480454266355
0.12091667237124676
0.025475037946114006
0.005290112748514452
0.0004970415519079989
0.4703649576280188
0.514257885703778
0.0
0.050717143573847025
0.17317480517054307
0.026181055344164005
0.5257165740954874
0.4043109007742933
0.5734029416630951
0.040860537136489634
0.49658533543677286
0.006628112595609124
0.5081158999700675
0.028548226827125
0.03597685723116918
0.016388637689301266
0.7395955556754894
0.029668999113016636
0.05478826962072465
0.007001636709585718
0.02333055467353416
0.4489681595415608
0.30787977755880475
0.49671772125277414
0.17935054617963547
0.4287687332681475
0.290872378792975
0.5391574172531949
0.3404884470790268
0.33958543173025396
0.5033751588611445
0.6942063770330192
0.026036038496743626
0.7813961948371964
0.5560537505066839
0.576865944540497
0.6877402703400596
0.4220596475757796
0.8194960710780116
0.011596179785592709
0.46536395986031953
0.45782216613929105
0.4909308321750999
0.30676391271434217
0.03332575050203551
0.540185596654879
0.03786159934806979
0.19193680169035396
0.24132924683457965
0.08425019940631363
0.5799391596756741
0.485568216684251
0.028091738378054322
0.8144681492267736
0.028095858626128005
0.0045377325302328525
1.0
0.09090264281746828
0.7553417945696069
0.07291811571000677
0.7660923483680792
0.1643838005490127
0.06990556206211347
0.030539540301475366
0.1995448685512355
0.021106152302829344
0.06640642534616645
0.3534877406145698
0.500836618587101
0.5050008356333143
0.5082458765403243
0.5685445128856919
0.5544900459852121
0.026781166100704662
0.018388151517198126
0.664772851877583
0.55291991561917
0.10022569625607539
0.3123611057782189
0.28432099187114307
0.04166938838017191
0.21839692940516994
0.025729456092877728
0.28692089887182604
0.0911786600584521
0.15561880587878266
0.5992630130168981
0.280909183472561
1.0
0.47126508417859786
0.4873507321919625
0.06818999986934673
0.11636391955235349
0.8386609231390412
0.034310007853429275
0.025133350937163988
0.606478294973293
0.23275468307141262
0.9067754368221702
0.290872378792975
0.11526910816452518
0.137782197811453
0.030546220065776678
0.7646359345248146
0.3851099202964111
0.36303109944260437
0.1315940912132798
0.028747510438437276
0.00980451661145099
0.34709995171677116
0.09209303084003305
0.6084130966076048
0.38046549711931854
0.11171467363360393
0.5836160469232744
0.020939745001944416
0.47010990407175124
0.005297500153047538
0.0
0.6009522644588264
0.6410524470357797
0.29364264359578596
0.26378238026557116
0.19748550519171343
0.617625908400708
0.8094329950222412
0.3312755834737047
0.1947934565829617
0.03423811040328003
0.014134017859294003
0.34403105532225353
0.015143099117589928
0.40022616705571096
0.024026751140792457
0.027295531331409512
0.004411272646258697
0.09032334767761459
0.3984753781475969
0.7551329739105026
0.04079650897831197
0.028330744262767164
0.00985720568263532
0.004183107899161998
0.08185762536184199
0.6583839401219359
0.028530422236994844
0.32542795774628885
0.23979805349687663
0.4676682799389328
0.13608789876544103
0.40539349145985165
0.397998989152362
0.2467758014664943
0.6528577753500382
0.3595927040813586
0.3631907712604433
0.030573337255305207
0.05099502611557416
0.015117195459606029
0.10334181145058849
0.006191578114013094
0.49145388960043895
0.27698867545689154
0.5661999025877521
0.2822490065965244
0.17508942237220354
0.010549598016243326
0.0009989036540314308
0.5523148844113814
0.013388612749244135
0.4905481830499175
0.8168392732528629
0.6409994012954887
0.38357481043695557
0.05158977502322451
0.21572942281353277
0.6744449620264119
0.696023122118629
0.024166025306550577
0.5032617188290289
0.6009339359722157
0.5856025398550975
0.10106870400791865
0.2956378181279077
0.005035951170827197
0.48917727389868887
0.3099558810376571
0.16284352038758648
0.4780547286926684
0.49715726081148687
0.5819056888698777
0.512789248924027
0.07757934103976846
0.2879663467239078
0.04077723166567843
0.14051096537306587
0.4087934201200222
0.5503464438053743
0.012448683040873317
0.29279365134473356
0.222146293557176
0.23857297124461066
0.008330785881572739
0.0006029760521124767
0.23855018589237376
0.6584906748965307
0.3796006875824203
0.6988682160776766
0.00981027548031882
0.2666200288421997
0.300977033929303
0.016843489562953916
0.02959920068171771
0.6335046168997573
0.5314901925646134
1.0
0.21280970590309153
0.187934920865837
0.7638793724858052
0.056404312088139126
0.5737381332534689
0.2841617644948404
0.26450133884800253
0.5976988495095785
0.073617328602945
0.6548191644008368
0.19283891051172025
0.03569535563635392
0.2721704393323966
0.004718682978574294
0.26450133884800253
0.0045731406863809354
0.008773739099718769
0.4274341158209968
0.26450133884800253
0.016208540314609134
0.019273476062794715
0.0320700539963335
0.13267869416696534
0.016830594917029446
0.0
0.014098896079149706
0.023381301224315188
0.060910246682275716
0.01098858669319452
0.0027252038473122514
0.043289639130906755
0.4124835066185023
0.0
0.5627452630944128
0.2284021293549591
0.021233880338244738
0.2294570546653082
0.016205952300546392
0.8637232635802297
0.4225136949096986
0.028094781783292666
0.28711253992551566
0.45769926549325635
0.11418918315536265
0.011432132612776343
0.6647142125849413
0.4183733712486016
0.062213743118958546
0.29259226446276576
0.4083127613703597
0.2698719274683183
0.022619177146382688
0.05291834262970198
0.6979114176225805
0.06210619756358636
0.22140249995671368
0.549644868612584
0.07388858111237907
0.07824322283044155
0.6713041952762104
0.863766365583364
0.08934294087809089
0.07194310709795607
0.08127403033121912
0.21202758390578996
0.0019188626260581766
0.8188536960986146
0.012103809905560592
0.29356308986475754
0.020486905400575142
0.20250942866079918
0.35174271932930895
0.37965333217475816
0.002136490724243855
0.6877044699986512
0.4091132413281225
0.13230797559298638
0.3560756412308068
0.11213891646778948
0.13660991013431745
0.1719882663832269
0.23373408447817642
0.7874025464076839
0.6467279696491577
0.2633121724091665
0.4211879037130028
0.4024802177762702
0.4625892579299565
0.01937191531597611
0.19492330948157194
0.0039659637527206856
0.2893587664635355
0.24345206004750605
0.7978417110752221
0.0005649812869739211
0.0007537382539167318
0.010889838617766604
0.003524540665534402
0.00957438652057469
0.01045118046612384
0.0036264109047116403
0.023889077209576195
0.047834145986318216
0.016102889233158713
0.041808178342094875
0.37272549404236943
0.03656279075630151
0.03484681836726257
0.33915931323965737
0.14449237814936294
0.14449237814936294
0.036119509564342046
0.15390401606405218
0.027939286564906074
0.032571478023298184
0.25686000196748526
0.014083926905246714
0.1317761785639144
0.011284471989310525
0.2299268654928149
0.039417528777574144
0.012107367518528273
0.08923870215784785
0.7480505400539581
0.8037235021590746
0.007457118513984149
0.18225417967752222
0.1320701240524997
0.03302890196878931
0.004918351026231069
0.051079734817102054
0.08886733555480934
0.022573453918475903
0.007555342157586868
0.07644322371285159
0.016158645921439042
0.013409615808563558
0.274937630912018
0.023971119576441127
0.029696262885037586
0.12251892698670042
0.008969183608965871
0.20987137882147344
0.022631905859835166
0.004609360679226891
0.017211144084340723
0.019418081109736314
0.02293386805163187
0.025602321434917207
0.006170871455235369
0.03879874066313908
0.1950934815430822
0.02207859886066399
0.09734313747717589
0.017097374606242378
0.6044115813802217
0.35356738855655356
0.06521067889621966
0.19785138412162923
0.008934371774676894
0.8273292709205994
0.061652476623817815
0.059022334800070936
0.0837210468875989
0.016334465974350693
0.43992348297636247
0.03013089667429309
0.72191128099738
0.04081724823570182
0.002182802549561232
0.3772721409488908
0.37423028896934796
0.008917819342268152
0.025242244075786315
0.23802526422005457
0.5856294582473337
0.7115336459001067
0.04889043394995377
0.7857939492503152
0.21276321312055582
0.2580402979591541
0.03438883961197789
0.5350390155885925
0.026718145002609568
0.09946211372700108
0.030527407025575538
0.1416159015843694
0.3887755917416802
0.042663465282083514
0.03288198334900454
0.7644471000244166
0.3349711565204931
0.0035008777119683145
0.19010446392663052
0.2820622798277521
0.0982470058032339
0.024141071364498487
0.023508529526891076
0.17728408914369137
0.10935332243430612
0.6198349694872058
0.044661914024984
0.458901639266887
0.4519040107882516
0.5817818522158325
0.03277479910980435
0.004922906314462155
0.1417619680344518
0.04703364382807155
0.5467575064018962
0.5502947464304075
0.03637407639380416
0.5875006019888993
0.8511369004170115
0.08854945759806374
0.20916688063798747
0.02349447175470322
0.0925876103496846
0.017154353288851964
0.05077900100605775
0.038545357151426686
0.3386888650819658
0.1686506736626214
0.25372214892821443
0.10154978638092801
0.06347504101893334
0.00798148374769312
0.026403666223397005
0.7792373995729409
0.018280095202985562
0.4121458145188544
0.452216139449048
0.11299077328406476
0.05735392590085693
1.0
0.03640756515719007
0.323591530150533
0.258754509077706
0.05828664553418115
0.0047169207109256355
0.0047818755877261886
0.03415224445454686
0.28732457533282085
0.005828235442710503
0.08675534637576897
0.012147217137076248
0.034529958839753294
0.6931658850908274
0.07707073344463279
0.054169373402514515
0.02258267886802601
0.2772319814118058
0.10143747117496836
0.43572959543293144
0.2349826149885644
0.017638356959571312
0.09252859426673703
0.14125065388438213
0.07627970344165837
0.1057379998924026
0.050392201730827646
0.16842202918347515
0.022846816475170326
0.01961025991350353
0.036726127657345516
0.17940672843214706
0.005189741370505979
0.008528830251310729
0.014405276351732006
0.45976780649513294
0.02462798657857152
0.151797558975857
0.18369947791355862
0.01911948161952067
0.026560197818911054
0.3339064331420303
0.18316120886120857
0.06080396609544628
0.00529429746274964
0.0374647906492132
0.004851982644780444
0.05088571264154376
0.14261236053125725
0.025885378735513442
0.009765506997044947
0.01534062941263268
0.015720401801927873
0.17843899968963722
0.027021204187529985
0.012111126416766425
0.09030057196995783
0.016796107722043953
0.016391338705441086
0.03861824188376399
0.2901851681353838
0.02678834421125385
0.20075695855860026
0.010611189269687007
0.004345551619959101
0.26271833836759
0.05389722306051336
0.13565413872368137
0.4985657952824186
0.017446107951533858
0.22756193542645858
0.004277771948403268
0.48517275352295997
0.008413139212576946
0.023994983007236955
0.03685902282472404
0.003475386162205493
0.06524447078316707
0.005602067102587283
0.004135627656763294
0.10874370387329681
0.005291279387962779
0.32313011787901935
0.044019996091922885
0.27127505282593145
0.004238236103040628
0.4237470789250962
0.6467796086508457
0.7321890872026336
0.4927926593870245
0.4765770684037365
0.13224226879343293
0.28332743235356306
0.4215270003096775
0.3744328473546192
0.3934727462354016
0.8139021556151367
0.48461724077353224
0.18633680936622685
0.05991834548476461
0.2247353544218419
0.21429919435745687
0.031150310051085234
0.1702033288387321
0.021730627105527027
0.8286262379848344
0.4836715659142662
0.08300666578588266
0.3010548751482437
0.036121902457792954
0.16828082155468632
0.11486257839716416
0.035381782108747914
0.010489477331810278
0.1601715665034008
0.06341666350105732
0.2962410154153393
0.6530731268933041
0.12654988819490706
0.010659241281727943
0.5700352299959899
0.40186809097243587
0.008924253089957866
0.036791925121134515
0.39264776620011943
0.026006140065033753
0.214855910090135
0.2943549715500623
0.012028246538424768
0.33281005021588717
0.051864928203298424
0.4184785426886401
0.09377690453082681
0.6589484142734652
0.010583343271751063
0.27456720708212273
0.3618882107524346
0.08533687270216035
0.5883330321375864
0.4053038039846579
0.3059755805561666
0.3010320576108878
0.8798314339048499
0.6824530235032205
0.18023771494703822
0.2715387939057003
0.20261501236359
0.33990992471191966
0.5616518199454358
0.7721945318162076
0.015637222241031715
0.2092345917510243
0.01771667238822325
0.011662914528762256
0.23160068130036127
0.3665716091406716
0.009263214375134806
0.31198296465584796
0.43998757108041026
0.3756724170023971
0.21525084742318104
0.10283853609988844
0.03222806582088761
0.31008651417124794
0.13551230442813403
0.42254668270367773
0.1300642656283906
0.06531362880542821
0.2344936294940269
0.07644389517043895
0.1188448968336402
0.017426250281441853
0.5432045739157909
