0.0
0.21417910317804106
0.5921529554582514
0.14453684369864547
0.6191013202518967
0.6016051099220137
0.5396177735116345
0.011605302941983186
0.2823278970974935
0.8259775474392832
0.3597973207965452
0.12336508024779826
0.005760935186239644
0.25498243105882407
1.0000000000000002
0.11641950219836303
0.8168870816703596
0.027495830486279033
0.08342512401594548
0.29224419076771996
1.0
0.034086477958539904
0.0016264308391627843
0.799515582544229
0.8587348649399571
0.08984468885744477
0.8204825741626404
0.5790640258497718
0.4465112166210758
0.051810844939014104
0.6074850797155705
0.5244190939591825
0.009380209228053443
0.25344271676840086
1.0
0.013043290426933422
0.7614983419168811
0.3512826003164241
0.001298606475223114
0.4408520673945419
0.2357700098974019
0.00542138315213779
0.840868935771746
1.0
0.8199469476742492
0.05206405639712656
0.6481942951783042
1.0
0.17026969939464515
0.2781039174664176
0.7706327797522438
0.8344721306745922
0.40045142294945196
0.028381038371182204
0.03513146794104084
0.7505156390534687
0.23714999272682344
0.794760894345032
0.3068599914558986
0.5508244776569031
0.73554072748639
0.4356934217386547
0.8805195380850931
0.15034972501201277
0.39453791012152484
0.025104040498005863
0.12685904160064868
0.5746694779038474
0.01012208398987512
0.021696412704927615
1.0
0.6921058509378109
0.006403677522972704
0.6047838518582942
0.4190330339961829
0.7946999572197553
0.006527953967509449
0.22906928693052642
0.2287044672845344
0.017598204033002544
0.017399471233939427
0.5488818430308208
0.4806360213278677
0.013755710397193378
0.0
0.5103899424135888
0.6860756354753645
0.5392644098337648
0.32282681609635
0.7263716578493685
0.15390226476130728
0.0017896093358465118
0.2734729277453043
0.23421698510225886
0.7472678443088995
0.43405916693623353
0.17297400127013055
0.43817506309134824
0.04490521686196665
0.029049129940100248
0.6917503673444577
0.18602831120096003
0.5618492981547984
0.8259775474392832
0.5120491469108354
0.2969052980688865
0.2526916821900398
0.4647439922155509
0.3069832518751668
0.5912962368769504
0.3219797361787853
0.07375809194098955
0.2816316592037111
0.012658762854620179
0.5496027590923688
0.2313227099529417
1.0
0.22079660123752023
0.7342439982136588
0.3537654393951453
0.263357348819302
0.26943920742034727
0.7167125526076873
0.7920411720269048
0.8657475812695286
0.032915542754944606
0.2445936316239894
0.0010184525832282357
0.6595067067454946
0.20182495486332502
0.6737191927202923
0.2749845578026388
0.03551715977634302
0.009655120769704434
0.02216799295466468
0.020175165146341288
0.8971053468829943
0.8941747323600948
0.007731083655567981
0.4852503426601632
0.4364597469395255
0.8533067370185491
0.46448674104332605
0.6691433164279756
0.22679869459386495
0.5064075842208599
0.014364370623390823
0.7514234432192882
0.06414077018151355
0.6790234333444952
0.2836945385772599
0.009892498716841083
0.103588891116614
0.0
0.0024323232351500584
0.0204442982058743
0.1695023827710997
0.8659709873274997
0.6695304427838948
0.012098225097943649
0.030732019825016162
0.17769701187849354
0.007389697146581519
0.7742900437753166
0.3919646941111293
0.5937008268825102
0.027826399821457213
0.8672604778097066
0.013160786985818452
0.6754876585534185
0.012532841664467257
0.14496469051608768
0.009340548270072252
0.5506603323406283
0.007549098307172931
0.007620259097295798
0.07959123941312943
0.016126113307437986
0.46030936459717803
0.6729664893774954
0.5089321935363827
0.22614177229921212
0.3101195601323877
0.5649793620726015
0.6144021554019946
0.40650917175315254
0.5879172304785137
0.5173055922763257
0.8034052095916773
0.021504625419146363
0.6471541310707457
0.6859188951036179
0.2593104306466113
0.6171125747212888
0.25656093837576205
0.7519128376016256
0.0
0.311839891901994
0.5725204516040783
0.6344189115092459
0.30073935437141325
0.002800094441733398
0.409669365251628
0.0020462377295378726
0.18081432070764722
0.1069457627422067
0.18358084328561883
0.7150767933245052
0.2263328970451946
0.045082687981530166
0.7944618099115557
0.023168579020237893
0.0
1.0000000000000002
0.03193363615640554
0.8589517078907839
0.6916143511627233
0.6645588058961859
0.1797903030042713
0.2630480039668662
0.03715878253991429
0.34338977399461695
0.03775495464160651
0.01704316956274071
0.45668227034220715
0.3465266157377619
0.3361000504976028
0.5443864764265347
0.5068547495489922
0.3809144651814599
0.012645460579376868
0.09784450116470922
0.6473296940436934
0.08750548970364111
0.03482435734316268
0.34628255757660675
0.49714649560422514
0.0
0.7477442665391386
0.024915512022646722
0.6614015057384492
0.704189304392793
0.2288614093661237
0.5991906893980641
0.0
1.0
0.39888539960211666
0.3685530387092256
0.40259927844148696
0.11187579690220226
0.7562870012713503
0.0020745333323836943
0.017898370546462178
0.6871677000418012
0.18067293526866596
0.8226860877836973
0.5649793620726015
0.10944860533712353
0.5443409041518662
0.675917172589961
0.6092750419666687
0.5390854242329289
0.34164394659278924
0.2608477785207774
0.07403949787040888
0.010927361161730409
0.8495722534735746
0.7741900254033659
0.5595318489890324
0.5584731051813591
0.27949309834451347
0.8544340494136257
0.03133404447324982
0.0
0.0
0.0
0.8830217867743347
0.3787141786150824
0.3926773019503109
0.28790808501747944
0.18262581837710892
0.7226824670015531
0.8411201302738027
0.5232186890882976
0.45945458635564096
0.0027613127251885777
0.0
0.06873584358898453
0.01728090421240211
0.6711029529227382
0.014086232716941352
0.002240500515305846
0.03831634668167743
0.11313323050075051
0.5413916417756702
0.7530706583715431
0.016287421857832284
0.0
0.0022241188616414346
0.05272939608467938
0.008280379312776196
0.40097376384963085
0.026470913520425614
0.22537633990130082
0.13831384491115278
0.7448991351224351
0.11475024372066825
0.14453318864722967
0.4361499811229354
0.1773861726294995
0.6599291977120988
0.23938771846922555
0.24131749042258893
0.02638327182131881
0.03708154711757228
0.025583554930607457
0.055220082485039367
0.013035229466670767
0.3782898244195997
0.39481554587943607
0.6698634418716312
0.20980404439309494
0.08491333248435444
0.0
0.0025753921476507347
0.48719994480582685
0.007552392059266157
0.676434232372906
0.5227035626819151
0.8911334911570579
0.5993239458916515
0.08145660920903659
0.09806224062818274
0.4244677643869223
0.5128689953255616
0.039740944513363075
0.5442857947874249
0.2672435818459566
0.5766431809240268
0.018980433529300948
0.33300604361184455
0.0005340342469232967
0.4710354421299795
0.11942293880846233
0.14282864738858833
0.12700459237497194
0.7811489332710251
0.8390048034906247
0.7740913055622208
0.16049875987434184
0.8002338553857625
0.06390381763096172
0.0
0.022076409487664938
0.5423795412874243
0.0015337577999009057
0.034716185267196546
0.2705627460312953
0.480304313634818
0.06223296864417026
0.14086032556826786
0.1447481684333307
0.5626486833283512
0.3336725999078275
0.7155870206714067
0.0
0.31873518836757936
0.38905502825987986
0.0
0.24773093553364367
0.6431178414151951
0.22527791813211226
1.0
0.05188689697106549
0.8594356438908095
0.6680497423215829
0.12400816432216277
0.7846414779588148
0.5321571060608795
0.1643521827019006
0.5002780083788329
0.004318580903276186
0.16145916802341673
0.8314026810234917
0.03238027864935643
0.4310775791095109
0.04495210653232247
0.1643521827019006
0.005395164884524294
0.06794284405068449
0.5331867610490417
0.1643521827019006
0.01680153116465133
0.009310550110202837
0.006042478387644411
0.05284567775729339
0.015164792342397345
0.0
0.0076247869513044585
0.03058082223421821
0.026569061354887225
0.015381673095194717
0.012293776742365205
0.04075991981601375
0.6959107075838084
0.0016697138896554034
0.7095648919700285
0.16829058152217408
0.07687911840745983
0.15046923999349746
0.0
0.8902127005371262
0.5731186161023617
0.025113362009587605
0.5897616405710183
0.5600551990265769
0.398356363374264
0.006048010571034339
0.7639047506042373
0.6329936621568993
0.04579946823588995
0.5999299438857395
0.3139286192436924
0.09806502459047606
0.09425918724822437
0.006177437601226495
0.8002214815331472
0.024811708401510393
0.12285971907747237
0.33353445502969103
0.521997780839582
0.11579166276834639
0.29899598917432874
0.8679094973128173
0.13430615242334673
0.053610644033600344
0.05614573605490291
0.48891067728175175
0.014577405214265187
0.7232453560118658
0.008735285640548868
0.655988117194073
0.007385241452501175
0.19688341017311198
0.2536819517433128
0.5526107527091987
0.07502639522303291
0.5284736689482971
0.4341126375255171
0.011405061599131901
0.24264510192536642
0.024670905892330248
0.23954910948940342
0.2807336119814626
0.3609109398041173
0.8931830119730423
0.5366848091789794
0.7435150134682968
0.4281002429716681
0.6080700010396288
0.1679167383832882
0.008582901182853698
0.34204469954463246
0.0
0.1429555283745447
0.22581209623510864
0.7982191010186119
0.007414493779315075
0.004098319154274768
0.0
0.015040110546985579
0.04814878479112773
0.01815144580143316
0.018274099733322585
0.0144152910021179
0.004352163960667539
0.0049008351190292666
0.006610253613126687
0.536101192879252
0.22934556699521627
0.0
0.623611437603081
0.23373380058880838
0.23373380058880838
0.009515370832162156
0.09039797988259073
0.02863121675711457
0.07236605606327103
0.37975209283119243
0.0
0.0627055696177725
0.008307888961280723
0.2884033301276598
0.012190380210003815
0.004242947864594395
0.01612367164609112
0.7386689179541172
0.7863740559830413
0.015364463229561866
0.13330605724388953
0.09291721433741053
0.00257259149386621
0.0012238417317018367
0.03475203595022858
0.17737520690706038
0.0013325485461673596
0.00886437264368726
0.05841789385818559
0.02777332817639903
0.02040507175714702
0.8711227918908916
0.003415805573879735
0.0025101231232210895
0.02334506107223753
0.003874875343489515
0.07823429495554622
0.021583554044327213
0.00909062528118125
0.029264571895900104
0.0
0.0004574621999023795
0.06633557956151813
0.006194470250572037
0.0055865044696551255
0.25446548340189373
0.0
0.023714595023741323
0.0007535472832544782
0.7030382248366991
0.26540774254512517
0.11907837294888331
0.18985442010418124
0.01716422003073587
0.9444658035109285
0.02576773951651026
0.2211872946493614
0.026426906002539045
0.011496810462175705
0.4563131256012412
0.029178521841993158
0.6421867833751961
0.01151804893041455
0.02133099018959872
0.3416831469108693
0.014905158560710587
0.005482014424633539
0.053234359341879076
0.11908205127808032
0.1917187810333667
0.7183715309451107
0.022549303202120587
0.8164998723334238
0.10923961922564047
0.45621405891381267
0.05914931528728296
0.8415260980152676
0.06848659575893293
0.08774816129017485
0.0019395726580481354
0.3873789387995562
0.4655110564904323
0.00921415996843813
0.008629310501777886
0.6860086164880516
0.37693172451484713
0.0
0.8153176870014575
0.48926146553366584
0.02656416930843952
0.04176121959258187
0.017511911231871194
0.2505858618473096
0.015281091245878628
0.6433338934334202
0.12490926896052788
0.45622844813312396
0.5504054997247506
0.70692070192216
0.01961243722218447
0.03508452426397909
0.3304316177763408
0.15556246186125086
0.2238893758034414
0.6924162453575325
0.00604008624327313
0.5603111322012434
0.7268110544509121
0.07740000393113923
0.02295023456269969
0.10907580384689852
0.33965108380142306
0.034624987610841255
0.038062440109957615
0.008918793339905062
0.6841384662070993
0.24902582544568294
0.27293829524502633
0.1594324802948321
0.04331998726885098
0.005553509540826143
0.02150176021082836
0.6808451258308981
0.029695472373952342
0.18680000602336125
0.34455306510454753
0.041509570148052025
0.052314795469117145
1.0
0.0
0.6048590205245612
0.21085829785431073
0.04847356986699236
0.004655973071041886
0.0365021877682322
0.013010010010102541
0.19427431621710797
0.0023327520247665517
0.0047533306719231855
0.1292025971746689
0.03186433810521741
0.8724248807898795
0.05482633861152808
0.024500518345082687
0.016346304644785137
0.16995320385933746
0.3062746010805016
0.2966808192627774
0.4903988767321796
0.02943508119334311
0.01460116821692109
0.21604524525899352
0.06958544099770834
0.08102242799170885
0.012537913711529165
0.03285334811881691
0.01595710755081987
0.0062029105199297805
0.010440681711754095
0.1668765914814243
0.017278441476598967
0.005485805760269721
0.00943248217394531
0.1574363973752277
0.03057161737680165
0.16156957419422552
0.4354964547794894
0.041644359443904225
0.004218419539522604
0.631419933883632
0.34252357851788784
0.01251088345996903
0.002666912753871209
0.0348872272937376
0.028666197498042004
0.03919344657552954
0.13766954585819163
0.023979676720871767
0.08979273221174933
0.06332390729408638
0.006392118371298122
0.2737091780625492
0.019130828310531874
0.007718364127312159
0.07344304603462644
0.052599228962224354
0.011959269056189268
0.1038290449902782
0.1916702858828429
0.026711737907738314
0.13681949604958168
0.0014418959159679307
0.004672494225467672
0.14898970783820317
0.01975671498276908
0.12092447647322004
0.7794894095904531
0.0058680815776390475
0.42226699602335777
0.004075567386000943
0.7491249478891285
0.033396462888761025
0.013304202018415255
0.09516655997428414
0.003315116484941191
0.06178392711520224
0.006321132829499867
0.01509723980845635
0.07524518952390873
0.00685945269681668
0.78065608519856
0.0885800067160037
0.5416029929248498
0.010108664678901438
0.5663483905671794
0.5342386079761983
0.7544923338084117
0.4640490187081992
0.47749810175145074
0.23067842708791214
0.5526279218349488
0.048949637347830935
0.5926351600407944
0.2845583291474883
0.5477999025595723
0.15864275053622356
0.14643140071933441
0.06733570200363828
0.15572437895717053
0.19823804372411472
0.0
0.5450921303180702
0.010101857315590004
0.8604434269675882
0.4594278582363508
0.17574253144921356
0.45223582359696035
0.06871829164100562
0.4467914324273069
0.3952696960712662
0.044827783029433424
0.0069972860670736315
0.21821209263712218
0.03342936213632062
0.070959521861806
0.8474366349131879
0.09288710999141302
0.0023937496773148025
0.35727049560471025
0.49218553091128153
0.09611759738923116
0.03915323198805248
0.6467537808714875
0.0038445392835577048
0.28557600335065464
0.6208068180768793
0.012866285239006233
0.4182480659689993
0.08682921934299312
0.4281138273504597
0.20388919684137446
0.7334942893784019
0.073878218462058
0.09112064642024499
0.47151294812265265
0.06852685123989587
0.704278435741502
0.26866403348701423
0.2306365088907933
0.22422698171170743
0.9229088481943168
0.5518269465978906
0.3091012888050127
0.7063326519438513
0.3404032846867753
0.4741207880276535
0.5509490982180725
0.7595755617823301
0.0278050899157026
0.15435765101955373
0.014106581776679764
0.034094278328716685
0.27269414531929514
0.3103682292184779
0.0014521637222423835
0.3771797978546542
0.5468627185656035
0.2920397934027587
0.2413877625504488
0.052617288349494994
0.006438697102900578
0.21160947995955906
0.14048555440554591
0.26558036222801334
0.4065917609297016
0.08326426874633622
0.26637536940543427
0.40705561710654975
0.03198058940336073
0.013364138573958958
0.53218584781824
