0.0
0.33962315460861214
0.7880444386186194
0.3410221165818065
0.8920247094116738
0.7347645250156398
0.9495586188933
0.025330507010830863
0.32056641752615045
0.9032459207309501
0.5865233227611468
0.31518162154465346
0.08065309260735502
0.43341042968758625
1.0000000000000004
0.17797963022830987
0.938951503340681
0.11465235908142135
0.20366393880447334
0.5288163208638677
1.0000000000000004
0.24130314852644769
0.00869079555567906
0.9492469112039692
1.0
0.21315609268622382
0.9626882553179035
0.8302033538150664
0.7458866945296377
0.18905585324326138
1.0000000000000002
0.8300728035422565
0.03329281400047033
0.874988850089058
1.0000000000000004
0.05291842465042308
0.8354449975522447
0.5182346605736952
0.0047772763268724636
0.5033535269343529
0.6005979737683325
0.0558274776880591
0.9657101020935328
1.0000000000000004
1.0
0.20506588165708856
0.7877012462078349
1.0000000000000004
0.26951985267119233
0.36768220442563215
1.0
1.0
0.7197942463938223
0.03688411119576763
0.05996663598101286
0.9309262994811778
0.5632273270140837
0.9054630609486801
0.39434158683686776
0.8675717741963962
0.8329753005264042
0.6352015058935359
1.0000000000000002
0.21315876873273126
0.787498151871243
0.13720851908947146
0.3159253626785055
0.7169630345850343
0.024416002633661348
0.03694814118316172
1.0000000000000004
0.7928711831130973
0.008757038141112656
0.9466382941034113
0.5281810831818875
0.9162892801087161
0.019894098127877742
0.3438068229490813
0.5811606080004256
0.08198591830541918
0.14283882218249933
0.7716144969508993
0.6414690601030586
0.06942155492198811
0.0
0.9481751274940328
0.9892821938191295
1.0
0.44516329157911
0.8892895542821122
0.19070555216114804
0.025054530701851166
0.4787932965192708
0.45480135957918444
0.899390510062271
0.5723230045340968
0.32797440345816814
0.6917067151939521
0.19426643875620553
0.0477922257710872
0.7942582792320858
0.5062944872964737
0.8930199584671611
0.9032459207309501
0.6208542306047529
0.6190662540543255
0.31590654048187294
0.905114318995007
0.40559390855664074
0.8073613492705524
0.44955606092993106
0.13088627809714154
0.5086459528326768
0.1772226799646825
0.7873778756595994
0.4075978499942766
1.0000000000000004
0.38908998788019644
1.0000000000000002
0.5779955771239764
0.45478736403550696
0.44947653367666685
0.9090788971202381
0.9067903509362163
0.991503890300848
0.21962574866938545
0.27736005958415644
0.0142583361651953
1.0
0.2549849582911462
0.7930711172845905
0.6028790435594267
0.05696092645463133
0.03602398024010658
0.08071494867090118
0.06720017798999829
1.0000000000000002
0.9616521410080482
0.02892834787512911
0.8348579158827469
0.5926791863003323
1.0000000000000002
0.6287724724830652
0.7701935772541523
0.32208940060803326
0.774595087321731
0.048725707792340346
1.0000000000000002
0.3034846608907061
0.7855946206491987
0.5525058319337923
0.09035478258391769
0.18042906876521825
0.0
0.0204755572881292
0.07257010092378074
0.23772300631355825
0.9359631208091261
0.8538360560576829
0.02445730597881493
0.06842062771785423
0.39008484597054416
0.056111402228041604
0.880983131552643
0.4739146859134636
1.0
0.04953952740553832
0.9190831218334597
0.10541072108961391
0.9319341105565963
0.03033029848692609
0.23535426262330658
0.02151347566891506
0.790223516768352
0.08322527544375258
0.03095755842132249
0.13236225231039128
0.09591547794332653
0.7045498069172236
0.9098341497448007
0.6064295641616633
0.3510704748924001
0.5306294887406813
0.6427185803412984
1.0
0.4969340092860371
0.847504761254898
0.6777855476778406
0.9307229853610895
0.06348294206968427
1.0
0.9086108103480652
0.6671764914573349
0.7127479885437762
0.6576829685554705
1.0
0.0
0.5071564653506161
0.9611428297815406
0.8457491047345945
0.47747441850816175
0.022820180998095525
0.5233278408630251
0.021010781443582326
0.23929465412874817
0.1864362074310378
0.3178022038531042
1.0
0.32213266816679453
0.16700429876515252
1.0
0.07598710877461566
0.0
1.0000000000000004
0.180308675709292
0.9673939740417459
0.9284899825202271
0.9429138593453273
0.4113010447509574
0.3940790749173912
0.1831542868544543
0.535197140239061
0.11635246555367929
0.11835336788098035
0.6572022979857903
0.8663681353294324
0.5179944653537298
0.7373660956910466
0.7168700822902934
0.4680630190359392
0.03469097340384663
0.22956072215630574
0.7585637344946059
0.2252429343842824
0.11375030090436661
0.5182823455799292
0.9435524196879118
0.0
1.0000000000000002
0.05726174415212344
0.8501872007317368
1.0000000000000002
0.48613402091178837
0.7632133758402342
0.0
1.0000000000000004
0.5313780090757341
0.5431420133026597
0.6652647939881741
0.5738504293100122
1.0
0.029043466653371718
0.03550644457360466
0.795776984135133
0.2648745180831427
1.0000000000000002
0.6427185803412984
0.27821647642618985
0.864528049318614
0.968604484057162
1.0
0.6536782417954735
0.4451604115014749
0.3981486799259706
0.40403019876679847
0.03667928623623924
1.0
1.0000000000000002
0.6403051984943702
0.857983271202657
0.4769857901646518
0.9605762837200688
0.039583168354867936
0.0
0.0
0.0
0.98078778983748
0.7492805868561
0.5708475136609676
0.34312531427487075
0.25876558693086255
0.9151694057984467
0.9463204141231789
0.7049386296591866
0.5202917701047352
0.03865837815264009
0.0
0.3610779303550399
0.062250151277502025
1.0
0.03412207875484258
0.013100971686974591
0.07763571316182935
0.17150622572990057
0.7207169352258846
1.0
0.03376229995396519
0.0
0.015830880462072948
0.16919522952427726
0.05129963080886432
0.5290416011830836
0.07824957270864956
0.45463268674477364
0.153671422177842
0.83489981129712
0.21484297164884164
0.5184287229868182
0.8218910527914216
0.20759845442752045
1.0000000000000002
0.6200075228910198
0.4695479626582292
0.10470788359933991
0.08208145300705236
0.07640308576563236
0.1395420031990282
0.04288861999502691
0.510242520597735
0.5029235713089184
0.7816066300164282
0.28082019063731206
0.2314925338332438
0.0
0.036055490067110285
0.7748695834564818
0.028368221681804813
0.8202054790496135
1.0
1.0
0.8486783443023994
0.12354954754256567
0.2623141917193976
0.8013969170971214
0.740634930812119
0.05105386461930628
1.0
0.6324337604822245
1.0
0.06414791237730713
0.9129244421765296
0.0074764794569261534
0.5720026170318169
0.16703315298758362
0.3337483478501925
0.22595137246370098
0.9434274273665649
0.9130251180962765
0.9328744959789406
0.526071287963867
0.9766728228377993
0.13948322871660063
0.0
0.2066223150499478
0.6970232569475904
0.008086693103045902
0.1348072144041402
0.533568710994363
0.7113222977038415
0.10517332802051378
0.2547126748212451
0.520147210595402
0.9534827709681706
0.6212528880818039
1.0000000000000002
0.0
0.36359388171481316
0.6000579262837956
0.0
0.34504969665113094
1.0
0.443280905413144
1.0000000000000002
0.31100219312075233
0.9225649909572141
0.7703924362708703
0.1611215669200484
0.8578220342339904
0.641303994294161
0.6660171997600701
1.0
0.05151424922783057
0.3661811405760983
0.8998932451593581
0.05854659333830032
0.49668630754028165
0.10258563411980864
0.6660171997600701
0.02923935719495763
0.25341906784025936
1.0
0.6660171997600701
0.03559527756570473
0.015584938568413365
0.03738653105457408
0.14945613313132078
0.017988662912903804
0.0
0.028684082484719486
0.08542315469674955
0.07050394601825863
0.07082348820031846
0.02522121482103242
0.13528660494222355
0.9319341105565963
0.01059391866596267
1.0
0.46887704257710433
0.21316336510683906
0.3081382419598022
0.0
0.9787868615142372
1.0
0.04639841834119803
0.8256460513932675
0.8559021684490884
0.5560985635336806
0.08467214799448075
1.0000000000000002
1.0000000000000002
0.06986110100486295
1.0
0.37535984879617457
0.49700463356875524
0.1273827395346494
0.08267605418321913
0.9044501378728381
0.19400637691303643
0.25464311145201374
0.6503424312728115
0.6821562886019467
0.1772697913616512
0.4540366599207049
0.9787868615142372
0.24114732515860796
0.06737760591857618
0.09334359738625025
0.6226349171540307
0.033023614160356894
1.0
0.07137305137975666
0.9028272729790124
0.021110028759492597
0.43910590647136116
0.4308893061949952
0.8196721615469208
0.12665407660968228
0.7064514413591119
0.6327156123362814
0.04061516545984724
0.4215590706857521
0.19597159813302822
0.5913082913740475
0.7798701166300214
0.7541932029506792
0.9951163328007643
0.7819060066784597
0.9615679551183244
0.6802850254366831
1.0
0.3432580244274457
0.03267821202017931
0.6864311682464188
0.10591228981338591
0.23471253956742769
0.39782171042175873
0.9180518448016288
0.027580480090940312
0.012569008328118258
0.0
0.02227395143326505
0.3094327521283418
0.045611957122101504
0.02329272277775848
0.028356355793247866
0.01601468320055516
0.06861169166640974
0.03138928185435374
0.6845354941492663
0.32203822792094505
0.0
1.0000000000000002
0.3070010379011972
0.3070010379011972
0.09586170470597798
0.17079083827583763
0.10828960325544153
0.18335477533407843
0.5161325830365616
0.0
0.2773177453831522
0.01934623250954729
0.4453173256926913
0.015768553709471018
0.00593431104385632
0.08394038095690023
1.0
1.0
0.07092230427726366
0.43436695218264404
0.21170631980934673
0.0060784247080804404
0.017133784243825716
0.08010158102247239
0.38279111982281677
0.018655679646343036
0.0444272187034859
0.14660610859040227
0.08293850060187948
0.15222905310229276
1.0000000000000002
0.022942966902425265
0.035141723725095254
0.31984309446249476
0.014030185848129203
0.2936302458087265
0.13887870203093328
0.017918752670466685
0.04103304008943089
0.0
0.006404470798633313
0.13220693894697808
0.0244701467467595
0.017355297804071676
0.5429154609769655
0.0
0.09072868136267208
0.005608853661479876
0.8770510848316304
0.3530099586368244
0.2965841574077857
0.3235358160043132
0.09738521247872436
1.0
0.06769634949122055
0.48756932463518676
0.12253052549195208
0.057762863953777124
0.6387208087521099
0.11058186512660045
0.7039320795879245
0.036812838274327034
0.04418853161592126
0.4683073831060951
0.03668076860392908
0.01970688777694311
0.12636412474034506
0.3250264861219383
0.45235114456300035
1.0000000000000002
0.032598352244042686
1.0000000000000002
0.268777190851725
0.565677496819733
0.07692379487642925
0.9361714036596538
0.11215172748402187
0.15023640435838329
0.01391787661684991
0.564768807803554
0.7079933132160832
0.019239222029441266
0.05677325406636666
0.8902494058200034
0.5299270602669047
0.0
0.9739189963106842
0.63908486034905
0.33553341451410856
0.14409779585798516
0.04868243821337942
0.35840023203451504
0.045845975530311674
0.9252598842172112
0.26334522706470287
0.6936130310488493
0.6987506834315642
0.9125682336408643
0.080452964920712
0.052336973322501555
0.4630035262987418
0.28002596184161543
0.5641009501174444
0.8148676176876224
0.04433288755683653
0.8002077515380139
0.8454646335792594
0.3157173138912831
0.1486567783061401
0.489840318896441
0.45280332270475654
0.06247710229948748
0.0987678108306273
0.04761789411680829
0.8616642099545404
0.37401419533204616
0.4825809418859276
0.507838051499445
0.11387670556896075
0.008079918216380372
0.029384731748811854
0.7667948021582704
0.12830220781167254
0.594698839364248
0.4908309796904819
0.1391836227519503
0.06826730997235507
1.0
0.0
0.7031118519761269
0.4066508777504999
0.11432503854874594
0.04122210170131729
0.06567541911423672
0.04242259606984896
0.4752345146313343
0.010855280580417393
0.04695774976035467
0.24554191582382193
0.16424603214219827
1.0
0.18947980883526705
0.2948057353220208
0.029863401950816208
0.5280849755424047
0.39110578547048225
0.5015679078169241
0.7349472761644424
0.07768510895099127
0.07499868391356998
0.3040308822096398
0.17147758706260197
0.30638953308850303
0.07318186916109731
0.08723797373628468
0.08187990593696623
0.03713581635275212
0.03406995009990935
0.3640303126665848
0.050226465916249
0.019993023919406324
0.07958021934778947
0.7128081200436509
0.07877584600760422
0.3223921194713973
0.7716493489629292
0.09703628934651627
0.04722497729302485
1.0000000000000002
0.45531674939782757
0.01862635402004169
0.03201579512253312
0.08620925430436976
0.04763955410753059
0.06366575529554346
0.27347381529640813
0.11392392939022017
0.2492233294444587
0.1149288474369817
0.04663094037285428
0.32999413733021443
0.02145779671224338
0.01885825837968239
0.10588545787632636
0.08838275070428264
0.06738179559860348
0.266959974459111
0.7318113451044876
0.04469003861294312
0.19190191015992752
0.02018654282355103
0.04249164735643243
0.3087263933708358
0.11936528382778713
0.4053015527111037
1.0000000000000002
0.06641363766201638
0.6561281996935487
0.05705794340401319
1.0000000000000002
0.06482411379887978
0.02945098016954267
0.11954947220384456
0.011743019426000778
0.1782592243148851
0.02641987825064651
0.03431005826483545
0.1999005067455966
0.09603233775543352
1.0
0.21200325640516218
1.0000000000000002
0.014174255338752021
0.7563683031722216
0.6893823551362509
0.9509811668685344
0.6104079392373942
0.6714647785720856
0.2741571060124207
1.0000000000000002
0.1044792602134078
0.7341185427703509
0.6062902746301538
0.7203401027953618
0.4024440800604487
0.3278937670511618
0.07677729018459702
0.24786211525376395
0.2898161380657053
0.0
0.6618772648163269
0.04759795620189424
0.9915731300602126
0.7473633144810765
0.34284543143606444
0.7194796677023353
0.1748541998127265
0.6572844061653426
0.5480027095785259
0.0630044299469183
0.03400160141664358
0.40420382191415094
0.23025719699425426
0.22374014699997688
1.0000000000000002
0.1539280012367002
0.025270511046038405
0.5194255491512629
0.8484404244536703
0.30083523770061493
0.07164938340795221
0.9999999999999998
0.010392468945381943
0.4780788864275014
0.7534961694279361
0.039385275724011425
0.5834736958565159
0.12580362390000965
0.5406527116569
0.26082788413303565
0.9143600233564031
0.21117886483823106
0.5161808532590804
0.6246826668775073
0.18475692848342626
0.7554198799385984
0.375605706583087
0.4314535745017028
0.4102179522389838
0.9935598638374131
0.685635409965657
0.46755787668869664
0.8702472424717096
0.4314589180648994
0.5497892872596253
0.743242074163358
0.9295664844245513
0.08377281099607119
0.2674220153314368
0.10699869296232015
0.05697038213507754
0.8620793079509328
0.6063586860129935
0.009734197114923205
0.49584288903090673
0.7845332352744604
0.43393934883441243
0.31266405545772424
0.11670894441119258
0.045873290864321264
0.2860898057053419
0.185191350551485
0.6980210537890816
0.6208196810258505
0.10593958477624453
0.4688708082727316
0.517089171925472
0.063796468790058
0.018530519581428973
0.6862270151016334
