0.12266270692099704
0.3922647196545142
0.7347328579640259
0.07730434932108912
0.6873332739216429
0.6839617071730105
0.6801829545682482
0.024890515662679004
0.26397801150324435
0.6750304734655036
0.3881049870015293
0.14221214176534863
0.02882373412488213
0.23626702460533977
1.0
0.10941023957419663
0.4268786613770293
0.026371379453703388
0.09408603636582566
0.17139219492769034
1.0
0.09287166571358985
0.025792018940781387
0.507178762713022
0.7767125527190127
0.0121369862623688
0.786853509952937
0.18532508056040328
0.6050561690810832
0.350373223216827
0.43747606272667594
0.4772271473489226
0.0
0.011659393029904366
1.0
0.006635933589384006
0.6030281951978035
0.28235375639714694
0.002138353809185534
0.4022353264525022
0.2582474378405469
0.0
0.361020486260314
1.0
0.7146854194615482
0.38254424120013936
0.8170150001965893
1.0
0.22742240704226754
0.03209547579580592
0.7330239895532031
0.7478770255078974
0.20324876800481917
0.014721395323582603
0.022473343312875798
0.18134807495993988
0.3199323577864667
0.4235635170402392
0.3731544183699289
0.4386408087277148
0.5117209507299296
0.35531367266643815
0.8427842057151128
0.10600215208132543
0.12490726728223434
0.027260778419491184
0.027502344943183037
0.6704720648202122
0.02671262756463751
0.0127006290138866
1.0
0.5840443661905212
0.03317953344498077
0.25683318435110103
0.2601664651523875
0.6013947134423064
0.01552103594224814
0.3855976611155627
0.377248067302704
0.14509185917388254
0.0012273699613507205
0.7911839370479427
0.21438987875518958
0.21661452278745502
0.026178769311532533
0.14041400993262118
0.6246163350757292
0.5092427756935228
0.17912702516927306
0.03595811209683278
0.4133616222257275
0.017912181838226744
0.061140811266285046
0.005973281451362946
0.7105286554475934
0.3742195860425487
0.06463327783884125
0.2838674745055963
0.1869033849746528
0.032149953784575344
0.708598640182345
0.5142102368807098
0.5623112481022092
0.6750304734655036
0.25832491420816267
0.17570879183397486
0.07244331075127561
0.4679318672766429
0.3623225704348022
0.3638117025592552
0.37642985106440474
0.07711804242184385
0.38185867784425703
0.2891263300410102
0.512326543331991
0.3848731195234302
1.0
0.07362917119355863
0.5093915562270235
0.07599066916986404
0.648715872683729
0.6096653520211535
0.26887048940151315
0.33040382190119055
0.6011453548381482
0.02952020326698927
0.34894525276993144
0.01611670347822031
0.664971975786836
0.17723568984491575
0.3522073040890684
0.2525051943956843
0.038434488437168755
0.020764637520880536
0.09210110185116213
0.00927282099987317
0.7729929619523138
0.8858406201476061
0.02507541673591887
0.062011175951968756
0.2537081922885252
0.8615817191869789
0.6307483422515313
0.5105862267345085
0.36879910617219636
0.5257998861994548
0.028855896925146635
0.8274684693778156
0.6150923569883606
0.7559320090665786
0.09485789225276778
0.016189161043729073
0.03915772909019371
0.12777256266905307
0.0191473121655955
0.007796112861258757
0.0007952664830527983
0.48868920391475623
0.5047757081810189
0.0
0.054025768442794275
0.1743370042925098
0.03267003161366554
0.702736195317858
0.33219726719250675
0.6234344690010614
0.05590894863934297
0.6802433644779183
0.010604980152974598
0.5506122418588412
0.03324785420188023
0.026737830175099973
0.01379528617561369
0.7308876417579138
0.03789695666794003
0.05071969381206683
0.00826085133553205
0.029439726800985055
0.42998435333727886
0.3291414753442001
0.48012990680868706
0.17703337845589334
0.48518258422335403
0.2717644095538072
0.5501950999328014
0.32905124028906974
0.4286910123298191
0.46563679900248356
0.7373834381209045
0.0245763013359967
0.7902537524495983
0.508503786596284
0.5728981783644491
0.74155376424718
0.4153073923853322
0.8524984389875213
0.009259837735288332
0.5040706831723661
0.4494588006061481
0.5240818971556527
0.28901363156502624
0.03528561183056141
0.5381965371116116
0.038445885304028725
0.16703283806212643
0.2996849551769526
0.06422042228350888
0.5445172192542411
0.6102895130872342
0.02829306840032673
0.8419160638757006
0.029021568242250002
0.007260372048372564
1.0
0.09471158945559478
0.7574765225022196
0.08797585318144917
0.8297051312365216
0.16723346026954528
0.09869299364567707
0.024915731744629306
0.2551062289803686
0.03376984368452695
0.080189700382029
0.33908117992500875
0.48294099285787195
0.5287916848171018
0.5392925749430223
0.5569935306762465
0.5458114430360299
0.028644282566385737
0.024563470357126325
0.6780446677705847
0.49348224232232507
0.11858238677386015
0.3118700463220023
0.2893147779533112
0.04593392232062786
0.20580005571134047
0.024455483455412413
0.29311406155982517
0.0947184696161269
0.16025323928006835
0.5405888130257412
0.3103223828018754
1.0
0.4480141337939303
0.5074904975270471
0.07563688145008646
0.11887591310598566
0.900424064439164
0.04796886911951678
0.03586987223489338
0.5211569504437451
0.16908738684721414
0.8508406989154723
0.2717644095538072
0.12819403914404326
0.13323820517350615
0.039997990197345935
0.7724478826130328
0.4629013519523323
0.3656532653753207
0.16361790120242298
0.017218357725734372
0.011621497160703476
0.3808508417207267
0.06919135497516239
0.5995871172072473
0.2895208363002714
0.12386545237795568
0.68259124867826
0.02704009545730048
0.5335729368612616
0.008476000244876061
0.0
0.6511201067926485
0.6201307758682606
0.3660850193181501
0.20090446077838017
0.20416235491561005
0.6116528096829466
0.8112578506911404
0.32086714104595504
0.2289383733867513
0.030770899781395123
0.010166364827180184
0.32030832969554046
0.019720668109050914
0.5289411248492277
0.02395560369632774
0.0303049051851157
0.005540278561485487
0.1232113689885034
0.4216567632636198
0.8319767295769243
0.06086931228760227
0.042414126248694686
0.014030548161729935
0.005031152247085219
0.07633593284329829
0.7414022228197307
0.033658140482719305
0.23683330087156004
0.1758224872897259
0.5787856584693032
0.12536539349051984
0.4704787265323086
0.3880216945145566
0.20423644292945867
0.677706332241215
0.387377697076003
0.32123835997092554
0.0368712272578101
0.058714426412278906
0.014175034329772098
0.11217902111970832
0.009079636076139359
0.5327828880233109
0.24922104973803968
0.6228662053990588
0.2467990601088222
0.1872303531514101
0.009030882299234589
0.0015982458464502893
0.547422149207773
0.011727049984221142
0.5366476506155236
0.7609882933429708
0.6558160336573041
0.39143868235103724
0.04743744289780338
0.2722179007690717
0.704066288339211
0.7157311881077414
0.024109070931384164
0.5380864464281336
0.589946874158343
0.6523126744107353
0.10362343086468453
0.34418488956424154
0.0049865129555983784
0.46329110392085016
0.27159949579045956
0.17364178384939416
0.46144373727482035
0.48785946991231494
0.5825919413762496
0.4609867768558408
0.07240392748676965
0.3726194826042183
0.04592428040574828
0.18196347459569617
0.5097532769294997
0.5810364423691017
0.01991789286539731
0.3928447422307654
0.28894362734331613
0.2834732036593112
0.006193820430755317
0.0009647616833799628
0.1624594631854702
0.7014834013730968
0.3971181154528906
0.766112234469455
0.015696440768510112
0.2726316896784312
0.29443185229091257
0.014273952461062691
0.03756649842082083
0.6108825157004326
0.585972833139452
1.0
0.2457566608522977
0.2066676515227272
0.7935626697763539
0.06294002782822528
0.6020049271715794
0.3005169272536108
0.23015242472041547
0.7530332365079336
0.08685061345172448
0.7112767920292773
0.224174872301862
0.04051664721821917
0.2787090758081581
0.00754989276571887
0.23015242472041547
0.0073170250982094965
0.0071180921414338485
0.5812410841874065
0.23015242472041547
0.015704545295434143
0.009798033918669038
0.044808881351190794
0.12476877514563108
0.01612108962430956
0.0
0.01517630363841547
0.023903077418535167
0.06500274435453463
0.013072137240978965
0.003053904861621394
0.06163574197469672
0.5313132926449771
0.0
0.7294425377791268
0.2901306631883358
0.03397420854119158
0.2650566935407107
0.01586350660382068
0.8597437019056553
0.5817714997735993
0.02247788676280522
0.37844178193407413
0.6024852759579516
0.1277430314632209
0.0041140100494257235
0.6907981348262895
0.37921420836528613
0.06700913205861798
0.39991157290412793
0.3932808099106362
0.3280514317029602
0.03462853073791821
0.05871289302472273
0.7115311417893991
0.08602087983307137
0.2879234228844385
0.5576972469703607
0.09113911808524987
0.06384926747694036
0.6990933437052218
0.8553289305433044
0.08433568290035225
0.06724622145889307
0.0768535419957402
0.17910091863700128
0.0030701802016930824
0.8792039320334192
0.019366095848896946
0.3224509394857914
0.021991969368475233
0.22940985287420163
0.39394803683461405
0.3853059136603739
0.0016253959340040178
0.6814206284253576
0.3884940464414822
0.11533023623959815
0.38659057119916074
0.12273633474788828
0.12580565943285657
0.18738302267588144
0.24150782159561435
0.7856074569838166
0.6511585985072849
0.21210248288921507
0.40083062382828294
0.6102801616243887
0.45158041178856595
0.022698649919367188
0.23385380080344217
0.004889411972249046
0.28363392998922776
0.2356131026731903
0.7634158860426121
0.0009039700591582737
0.0012059812062667709
0.00988847613662804
0.003769624185877633
0.015319018432919504
0.010796289609046076
0.005205659864423983
0.020781137909525994
0.04966841159551381
0.014832451727162951
0.04480592620518707
0.3730907268221685
0.05462476252751142
0.050009649613124416
0.40259605285027816
0.14548561117996164
0.14548561117996164
0.036430143417613324
0.18578666340471156
0.042639402231765114
0.02086399558668891
0.27642178954663515
0.016936472865967465
0.1316009566628749
0.010264575357261262
0.24279675431435416
0.04120596875362485
0.0155776828930641
0.08143599423691182
0.8076976905676181
0.7786168555011994
0.011931389622374639
0.19112491667238626
0.11870144874232125
0.047693863096617835
0.00786936164196971
0.0546190058646255
0.1266371279694845
0.020872266958796883
0.007892335747569115
0.08701814749024606
0.02095605640192775
0.01274773021368231
0.2697171664710559
0.03174014323800396
0.025910199000318074
0.10755819085537766
0.01388668611433723
0.2161005488318341
0.02691391176543314
0.005084705557929475
0.016732927932387474
0.027406980798649783
0.024444507880485456
0.023259654580464313
0.006676359189067416
0.04040662567242578
0.21239390781639655
0.019047157275264993
0.08877070487930733
0.010731851209041115
0.632234335941141
0.36691302373691825
0.0761423859142694
0.22173906757539857
0.01429499483948303
0.8999180894966414
0.059629787245920364
0.06728882085127343
0.09044346880484136
0.02396934890284103
0.37471490968833104
0.02738722905395971
0.7625287690560894
0.016833320335342097
0.0
0.3737684224628546
0.332726743695139
0.014268510947629043
0.023005643960211892
0.2090984510979344
0.5600969602164844
0.7444467067448595
0.043513556149128
0.8895338576855941
0.2016904696062647
0.26420849923377326
0.033603552432347236
0.5522495547401489
0.030403793497863894
0.07806014082030184
0.028944387873672643
0.15625154583325349
0.42421004241245575
0.05545865355363159
0.032686983476447086
0.8219456012489766
0.3441962852492061
0.003307002716565914
0.24611661199030474
0.2920498112690348
0.07986695492180299
0.022291579673458805
0.02716913384122805
0.14321899842817656
0.12014774514255863
0.6251965987939322
0.050483197746636524
0.4564170988779189
0.4516442050408932
0.664474807156515
0.04841410556464391
0.007876650103139449
0.15882486720577066
0.05205966334303681
0.5672174685164533
0.5925223099549813
0.04521782441427513
0.671879636939313
0.879769124168406
0.11088713175981539
0.2154863190059037
0.001846499813464237
0.09560838928658887
0.025485452784406847
0.060851993102912914
0.02867308172254111
0.4658307027044247
0.16343050064752443
0.27090404397423545
0.11056613992109623
0.05583560815716877
0.012770373996308992
0.019314649136146767
0.7872982491315629
0.02606027069505486
0.40546260818910806
0.4836504710061223
0.07211248088333755
0.08073152342191153
1.0
0.03488340397715171
0.3980271551898562
0.20783290117293954
0.06725035581523806
0.0030867511887324663
0.004811264110302186
0.029588687370435646
0.3151354530211724
0.006363362738146985
0.10017462018076176
0.019435547419321998
0.04129967940406356
0.7199808961404336
0.09054132816419289
0.050506207221336474
0.01747576360556973
0.28511008257362164
0.09073835977440672
0.40111120420994684
0.23215873045189905
0.013186821313802721
0.0741804211775897
0.10756047943377076
0.09064063639082706
0.12652246231834596
0.03775405488176565
0.16311784871609103
0.01375640708137738
0.021338104343573687
0.04201028503710364
0.22990464531548277
0.0005006468875854413
0.0064342396801444395
0.01960091827954879
0.6750603143796673
0.032505768241278626
0.16938302327183016
0.20892435691234423
0.0105853402232937
0.04249631651025769
0.40255091394648046
0.16958728518055682
0.06109481307846874
0.006223765089604974
0.03888721063893461
0.00375917772407927
0.05195800752242841
0.16526826561832206
0.033808457793849674
0.006751213060230151
0.015277706506589616
0.01962594815456786
0.1752336188515171
0.01800926168491465
0.014551463175419879
0.09508307419437106
0.02007845027047143
0.021031655071883152
0.04118900777645165
0.32453292497527986
0.024332729517434412
0.16885499661250453
0.011595413247741899
0.006952882591934562
0.2866015410546101
0.05703495481429399
0.13990448349923465
0.43053909117582184
0.016678938180178852
0.2795478520580579
0.0057377516171088685
0.4927242867614776
0.012747533955742754
0.02392167919802881
0.029472824415587386
0.005560617859528789
0.0601441938524319
0.006847007770527365
0.006617004250821271
0.13076526161095156
0.004023450937024347
0.29654720724214584
0.03810494506415483
0.31988914800637447
0.006781177764865006
0.3875308566296496
0.646444587664048
0.8432438681608196
0.4416454282870969
0.4700036180157471
0.15761547351791688
0.36779313268449226
0.4009771751594656
0.3961756851994805
0.3672946066793929
0.8606109792264057
0.5863637237018325
0.13618534650162345
0.06394995216971824
0.19674201177522083
0.183240386102559
0.027615658012262494
0.21213561896352337
0.03219921287748999
0.9023407535684717
0.4937970917306897
0.08961176435323559
0.3070508256325139
0.01392726941611209
0.20857589758889022
0.1528583030517021
0.03448849775099351
0.00714952756799349
0.12465665474686205
0.10146666160169171
0.350450996492125
0.6970213390862345
0.14539974604098466
0.013029701719174636
0.5767579273909084
0.3961173470468294
0.012474200101377281
0.041578707913976644
0.3663481264384883
0.03230138397391045
0.20432025706157436
0.25799596406043734
0.015145589874936383
0.4699568942767619
0.05848682764780797
0.525907414474539
0.10669011765132433
0.7121253208207301
0.014908555788635456
0.2752217276602873
0.32358192313013456
0.08586238009817782
0.5602221537248727
0.5167448147984309
0.33999249153494493
0.35765749070992714
0.8998740437922221
0.7300906357535754
0.18901764761108897
0.20991030955569911
0.2147295096351675
0.43628831063241896
0.670662051808718
0.8407074947742181
0.019777527950015056
0.26841790625399425
0.019717950373728126
0.01623167717348473
0.1850284073013903
0.3076841972165404
0.012376768218725874
0.30159387365255147
0.42138555630416796
0.3101430647303298
0.20077590381509816
0.10399153098306427
0.024961333504044423
0.309424023388745
0.11953573284716615
0.36817515373666704
0.1249264720201226
0.03695698341795511
0.20927358242107036
0.12231023227270232
0.12467858178948514
0.016273766272165976
0.5146825100442004
