0.0
0.22990923129563776
0.6104120504783277
0.17448856796605067
0.6111342250987362
0.6129496058411721
0.5529268193113043
0.01157502164420179
0.27561337582926276
0.83246343408118
0.32345520774756276
0.12557617878971733
0.008065309260735502
0.2696545066379139
1.0000000000000002
0.1268542953951907
0.8210703728623626
0.02847731601176536
0.0940593829954565
0.31365744730122647
1.0
0.03213397614077743
0.0014588633003604443
0.7974822591650483
0.8923995961294718
0.12578256440042268
0.8381756864611305
0.5491334915066537
0.4786571223853665
0.06323554906885509
0.6241965696370151
0.5075232564154268
0.007985283670426467
0.21756328694583416
1.0
0.012968764132664484
0.7561067593554018
0.3460394791413853
0.0009526992862488187
0.4498726288605764
0.2220212204253936
0.007589936412992907
0.8378049655721546
1.0
0.8283246659567665
0.05453363371782437
0.6689993910329861
1.0
0.1775204223420686
0.2911752487307282
0.76694300981464
0.8558757660938955
0.39830177451091014
0.02931823372213624
0.036748934156345
0.7508176558264312
0.24346274120840716
0.8007105533027687
0.30627050520190224
0.5841984252256076
0.7323769386262247
0.43539389810251283
0.9275404617986253
0.14668136708838703
0.4159329918569955
0.016812738219738863
0.13079412583069544
0.5498334918740231
0.010435296213091123
0.02249388502490763
1.0
0.6976609203583953
0.006200972224802121
0.6469744015653183
0.429500561173705
0.7871859383054025
0.007607822800760622
0.23018967904388116
0.23674088451796313
0.010394136164462048
0.024359259727515195
0.5559546487564917
0.4833602645225336
0.005531107631417762
0.0
0.4960679790281944
0.6908624788410797
0.5891060275000191
0.31134053466226586
0.7543252301325495
0.15674638400741167
0.0025054530701851168
0.3137497502097723
0.3149438183255429
0.758247832057226
0.44261235847845815
0.17790602369312547
0.4342288594517775
0.042935684549519064
0.02946917386598319
0.705288579237045
0.12183859745871946
0.5772473196822471
0.83246343408118
0.5162530933739097
0.3000929410814265
0.26236688694356963
0.5251366925699196
0.3151092694041598
0.5327252934315181
0.31188393987572083
0.07577934013177026
0.3305571229457993
0.0
0.59793689125398
0.21878087466703997
1.0
0.22362102560817076
0.7424214486556825
0.3806410132310676
0.26375253472437216
0.2658074046789779
0.7000507474072591
0.7728301517977512
0.8649567696919191
0.024058163057520142
0.24742524657091694
0.00142583361651953
0.6866257208510043
0.20224072917218713
0.6899179583290793
0.2808758337941566
0.033791346626422705
0.007314976045324365
0.020372888843253577
0.0282452312048778
0.9147242795197272
0.9211476572094291
0.007778362158454439
0.5060986999273751
0.4150852402416148
0.8628241365192852
0.45997387816727253
0.6733321673476951
0.23097707227817854
0.5553463913028821
0.013863530785678549
0.7703281898943292
0.054284104967814585
0.692855471648744
0.2693558776447581
0.013849498203577514
0.10302447594323987
0.0
0.0034052525292100817
0.01705125253540178
0.19258495510968532
0.8731393802549668
0.6456600162010429
0.009518529330214163
0.03174622530235285
0.18176950719510682
0.010345576005214126
0.7960235776529795
0.3975177579561377
0.5995018083325043
0.028770244363681845
0.8735661924963676
0.01544357134194523
0.6754809127068688
0.010873847893839692
0.14333685630220008
0.0100145476190041
0.5537771406995435
0.010568737630042103
0.007326150453127381
0.07017368328600816
0.01931764522788873
0.4515785180035944
0.6886513676032843
0.5036834044590772
0.2208521076488935
0.2683741877612955
0.5844167545716696
0.6499620185264425
0.4165501902519968
0.5601648869209047
0.5155262175172999
0.7790537957282984
0.02404229578865245
0.6397099106243846
0.7090950823309999
0.20831411042942533
0.6250834079672141
0.23269799001019434
0.7184134940028853
0.0
0.2651989271505714
0.6044126918237525
0.6687301072582053
0.2917846132671723
0.0022820180998095524
0.4169081366234847
0.0028647328213530212
0.1840137417365759
0.11125063135011026
0.19956450317214816
0.7243479749105532
0.22467854293893424
0.06311576317414223
0.7802165077222675
0.025946615361100368
0.0
1.0000000000000002
0.0418636714852903
0.8605544941468706
0.7146007342338423
0.6831476550724673
0.15957924550505873
0.2752730786408285
0.03257997687108312
0.29346256476119226
0.052856936498249116
0.021091270710561758
0.48685309848798675
0.332821191758811
0.35301926827803476
0.5835151096308018
0.46260459131180276
0.37710179577707476
0.014661911024965066
0.08847517404647151
0.6504240166899826
0.07654992776837088
0.03964873972498163
0.34980865937909356
0.5342769127382427
0.0
0.7901782494790088
0.021643965151472773
0.6531334345400335
0.7432282150686949
0.15035802883253507
0.6233373426963663
0.0
1.0
0.3841372682465489
0.37235655149689745
0.4028353529963242
0.07335560429235102
0.7540399073636544
0.002904346665337172
0.019474654487329934
0.6888597557895777
0.18240778520763948
0.8724050738754464
0.5844167545716696
0.12271732589802609
0.5932296761228915
0.6964478756117725
0.6455377066942877
0.5556337044514917
0.33530041214102546
0.24977889201172604
0.07187624756199233
0.009793043332249061
0.8475571910670817
0.7990850017560293
0.546255724246449
0.6089211450044559
0.2624900923494883
0.8404201144019179
0.03143076580432816
0.0
0.0
0.0
0.8831093928554093
0.35556533170696303
0.3831554457808204
0.29467972231305994
0.18740239121348884
0.7314057978291453
0.85805304179294
0.5485444328206258
0.48468186541121216
0.0038658378152640087
0.0
0.08305495691728003
0.018511936789934975
0.6409706508604849
0.015238760679828506
0.0031367007214281846
0.0374824693687731
0.10816582470965366
0.5239430016163806
0.7383453579583528
0.01720029155164312
0.0
0.0031137664062980083
0.04817766959887985
0.008712100257639478
0.40151215385717876
0.03327263819947966
0.22596822661376184
0.1380784799031278
0.7660980715831534
0.11085445106769014
0.16035376964763695
0.420283777541978
0.17523102170234445
0.7125359726504248
0.24584734012463
0.220916326670383
0.03413123767942362
0.04210374594269175
0.026097083776538882
0.05818751995872784
0.014074444993162757
0.378813112078248
0.3982238610209298
0.6937478259319384
0.20092870214623285
0.07206459717427158
0.0
0.0
0.4961972653568405
0.006442477493415914
0.6781147044458372
0.5013803892445937
0.8980401261013687
0.6086485205305447
0.07799875452979751
0.09990978963111895
0.38089582230940594
0.5014987260745064
0.04393519005755961
0.537688032077287
0.20711858865317154
0.5606420973874139
0.009554841628476866
0.3629857369200506
0.0007476479456926153
0.46965937177943456
0.11521548317162929
0.1485636271101315
0.11476274756974894
0.8350344552910889
0.8306226392826896
0.7585165979496495
0.17209113502769185
0.8760178444479612
0.062148333951311474
0.0
0.008803777114477699
0.5946033286060318
0.0008086693103045902
0.03861305589636418
0.22680680719931406
0.4486436780460048
0.06116430065528783
0.15681528203518566
0.12915659426184828
0.49929363100363994
0.35795743624187654
0.731138599976932
0.0
0.31524357636920136
0.401592318470925
0.0
0.2644429572883447
0.6390799086003265
0.24442736181997465
1.0
0.07264165575949169
0.8691240454546438
0.6619171394295434
0.1260180015710673
0.7913266312642605
0.5397442789280038
0.09914522115566426
0.47365345268261516
0.005151424922783057
0.1343877213392946
0.8233306270450627
0.033558315599100635
0.44544349662309746
0.05317566730611534
0.09914522115566426
0.00593481709556369
0.06041895773058596
0.5138129767435327
0.09914522115566426
0.014176838547776358
0.01026454686242735
0.004720816637244767
0.04778821212508226
0.015891478322025594
0.0
0.007912425199192778
0.03357375519710568
0.029081819982463192
0.018032457130839723
0.012968111647262956
0.024434471828146495
0.6984032961309601
0.0023375994455175648
0.6878550323411631
0.15697983434013435
0.10481664147992478
0.1324506993487359
0.0
0.8915257692966497
0.5811056281638428
0.028356208364973212
0.6400646292193397
0.6608262461251433
0.4247941293628738
0.0
0.8316154709151846
0.6020108132666186
0.04708301302062649
0.6114029924083806
0.31481519268107616
0.13461238439135964
0.08918804391020611
0.008267605418321913
0.7970178592287075
0.033096807114600335
0.13151345472597759
0.43475567651245645
0.5109964580937499
0.11667767466988385
0.30413129165448977
0.8770723237723645
0.14454920276061145
0.05214440517681958
0.05120178585053005
0.4981220029516601
0.01622123434829464
0.7244891373226062
0.004375491113275759
0.6725458432872977
0.008063583788312723
0.20149130779814056
0.22732950212392247
0.5019604089675175
0.07610598903067044
0.5508380176859274
0.42945749370173936
0.009155263998950447
0.24552922584542744
0.034539268249262345
0.1750840204966955
0.23185240736720383
0.325292264756079
0.9051618157232075
0.5408203935134064
0.826506985942099
0.4507610217489176
0.6129239385708337
0.16934994660773672
0.012016061655995176
0.29644196042430204
0.0
0.1577133382574401
0.18013448653063852
0.7991581632612152
0.008045064465665736
0.0057376468159846756
0.0
0.01404849312254274
0.06740829870757883
0.01743723613065242
0.017369406704684023
0.01810344154558867
0.003697085755976267
0.006861169166640974
0.005369015967203952
0.5144150019091296
0.2302362897546225
0.0
0.6257574828077475
0.25891956171391345
0.25891956171391345
0.0037353486944292206
0.09504281659478735
0.012546444871116096
0.05120063141463562
0.4080161971063955
0.0
0.04227663306341378
0.00916667135624657
0.32576902189193
0.012648666388674271
0.004289277876469158
0.0218599398470785
0.753597355509422
0.7986439233554907
0.012638652312754448
0.17154841631704515
0.09079586502596029
0.0019357268141096153
0.0017133784243825716
0.02598718241576564
0.1509417250532274
0.0018655679646343037
0.004723279408760592
0.06922892958663573
0.029259043627301057
0.01983517501959072
0.8848869648833562
0.0024878311131891024
0.0035141723725095253
0.010819266438670547
0.0021771462382685286
0.08152910218166136
0.02828996118732154
0.007633570722025107
0.029774028423339028
0.0
0.0006404470798633313
0.060094249867423156
0.004281973610433117
0.004687353404011568
0.30637880161233433
0.0
0.01721399820837433
0.0
0.6799365682998905
0.2419987911302362
0.12869745058576457
0.19017836437195876
0.019982968997965186
0.9521252031246952
0.03399686778977729
0.24247281715869357
0.02852347188150824
0.009613210587109797
0.43858251587824426
0.02780931905728056
0.6304707242512426
0.009691289346392826
0.018535670618094267
0.3788771972603282
0.012486201606963367
0.007674820194486955
0.04575734856266832
0.16526562383981877
0.19811853332421175
0.7244025562576785
0.021519636445458977
0.8282178412552653
0.09447697486987372
0.5079831162787467
0.06143250932552404
0.8299857690667384
0.0690712077121313
0.0922632368865138
0.0027154017212673897
0.39248766315479555
0.4618924219070972
0.009626536372021757
0.010058307986905985
0.6845476389575063
0.3865671744135527
0.0
0.8398690616984101
0.47552011846605247
0.026677972974782322
0.025920124625254483
0.015112040494405402
0.25486187482158207
0.013347218334038166
0.678497778891473
0.13027552777593548
0.4420599686116421
0.5501729977481065
0.7395171738615189
0.019412115618987057
0.04293559363184212
0.3406960936486093
0.1673134434823874
0.25739760174863385
0.6944471440835347
0.007192925652266322
0.5438714134845293
0.7343575279162396
0.07881387239929825
0.0278727098147806
0.10603347023002682
0.3778322920278764
0.03338219377824453
0.04803820602997584
0.004978460307242173
0.7206208153727485
0.23455771865241565
0.3434187950321609
0.17075650795897904
0.05110486195732172
0.00638852539349892
0.02191244721266814
0.6768797248630908
0.018585550237601497
0.1298823139334248
0.3553943204585176
0.04410052327484105
0.051862549281471326
1.0
0.0
0.6286674716528676
0.174832748377666
0.04625824005731034
0.0023961521293269098
0.03391379172648008
0.015270162849292427
0.21232857432299915
0.0024351632812103135
0.004695774976035467
0.14443723848198034
0.03975854378312501
0.8543254842509427
0.0640537986326052
0.026200842332428986
0.017042224499184484
0.14840428654802412
0.32013138065910346
0.31561650895071663
0.5117369822468487
0.03382072516185401
0.013088151127055445
0.22947362670738772
0.06203234619377869
0.06441252540321095
0.0057464059142481785
0.03212878623336755
0.01272305085117623
0.00830121937152301
0.011209959386464798
0.14380263456346362
0.019167171475613656
0.005828801897294907
0.01235235960349174
0.16889920396393293
0.0409693112026278
0.18807868388627427
0.455733105193019
0.034032219416609874
0.005905787355331646
0.6595772050577055
0.3419155990413297
0.012698249139878682
0.0037336778554196925
0.03894728114063507
0.02294695892198357
0.04187681511878909
0.14613873311572526
0.028785388969204982
0.08113865902851648
0.0656888724914241
0.007513241798401735
0.2740815895238905
0.01919646237417938
0.0073904414828872556
0.06601647379048782
0.05353379629294384
0.00815103114932099
0.11143091359849962
0.1721295290886211
0.027066591657177685
0.12595442970452342
0.0
0.00322903679438517
0.1351386779624991
0.013046985136529774
0.14323337628673122
0.818038370119212
0.0066413637662016385
0.42481927239866046
0.0
0.7730915278257304
0.03301824783431177
0.012765171145938569
0.09587233046245294
0.004069589074871816
0.0573576403551556
0.006207598136235164
0.012222238089559622
0.08584391455989179
0.0
0.7606097539148572
0.0916629736717785
0.5422145174197335
0.00961145934386695
0.5727850795991823
0.5508303936437942
0.7906740925100524
0.4283265809947913
0.47610470324171217
0.23654895914823443
0.5674512669233408
0.04530476773580478
0.6023985207186443
0.2575596325555878
0.5470420484259383
0.17913007494942884
0.15336092731659617
0.06859395142195229
0.15746821001776862
0.17648101523352416
0.0
0.547852964495119
0.014142600241826005
0.8591234972527326
0.4407681864261367
0.1882410194289451
0.45280254256701447
0.061520136711692666
0.4565628923000852
0.37714015877810486
0.04452309008192089
0.006469577667002851
0.19771540445357494
0.006448167867064164
0.07005166801745308
0.8937950915963541
0.09077151425017421
0.0033512495482407234
0.3542304451303151
0.5271655869226027
0.08544664535132344
0.03863383880620005
0.6696129545664767
0.004534896442794886
0.2684285190795099
0.5892371899771521
0.008333579983669454
0.42252739269685574
0.09143083686521439
0.42561370989712904
0.20185022174990816
0.7837895449726169
0.05419860843553524
0.12372829957722029
0.478248301850673
0.0631993962610706
0.7223708968646542
0.24409147717471352
0.2064590177196755
0.1810722823166283
0.9193647788227783
0.5475928566506126
0.30473780806341744
0.6935498370741898
0.3369632728470998
0.47954274822514326
0.5307326260579643
0.7473637613778914
0.03179283204406817
0.1487582199985793
0.010699869296232015
0.034922411206033455
0.2234758135888218
0.2798264522359994
0.002033029211139337
0.3653162550790606
0.5649558651505464
0.2788188791330301
0.2272544534937439
0.04197837400472361
0.006808580961284907
0.1916806751420894
0.1344491940119112
0.22508352056082095
0.42148615975549636
0.08868484727992505
0.2456417811456273
0.4103702882001393
0.034813723290601895
0.014426934614424482
0.5183468876445598
