0.0
1.0
0.8120169718509181
1.0
0.8920247094116738
1.0
1.0
0.025330507010830863
0.5905859151287438
0.9032459207309501
0.7779408991051429
0.4642293016031313
0.08065309260735502
0.43341042968758625
1.0000000000000004
0.25315029941758016
1.0000000000000002
0.11875300366410178
0.2228963588944013
0.5288163208638677
1.0000000000000004
0.24130314852644769
0.00869079555567906
0.9492469112039692
1.0
0.21315609268622382
0.9626882553179035
0.9087275036040343
0.7458866945296377
0.21465266205690853
1.0000000000000002
1.0
0.045044518440009756
0.874988850089058
1.0000000000000004
0.05291842465042308
0.8354449975522447
1.0
0.0047772763268724636
1.0
1.0
0.0558274776880591
1.0000000000000002
1.0000000000000004
1.0
0.20506588165708856
0.7877012462078349
1.0000000000000004
0.26951985267119233
0.36768220442563215
1.0
1.0
1.0
0.03688411119576763
0.12672704940873916
1.0
0.5632273270140837
1.0000000000000002
1.0
0.9583590986702342
0.8329753005264042
0.6352015058935359
1.0000000000000002
1.0
0.9100168488804538
0.13720851908947146
0.3282971861517253
0.7603522993481997
0.06596584517205303
0.03694814118316172
1.0000000000000004
0.7928711831130973
0.008757038141112656
0.9466382941034113
0.5281810831818875
0.9162892801087161
0.019894098127877742
0.4036498036212536
1.0
0.08198591830541918
0.14283882218249933
0.7716144969508993
0.6414690601030586
0.19933100830343406
0.0
0.9481751274940328
0.9892821938191295
1.0
0.44516329157911
0.8892895542821122
0.20488419223895132
0.025054530701851166
0.5166783720050055
0.45480135957918444
0.9448760628256995
1.0
0.32797440345816814
1.0
0.3022222302918308
0.05374494751592122
0.7942582792320858
0.5062944872964737
0.8930199584671611
0.9032459207309501
0.7093355765600173
0.6190662540543255
0.31590654048187294
0.9087489815288279
0.8076648488413254
1.0000000000000002
0.6140811762869314
0.13088627809714154
0.5086459528326768
0.1772226799646825
0.7873778756595994
0.5578117438507654
1.0000000000000004
0.38908998788019644
1.0000000000000002
0.5779955771239764
0.5846720458427593
0.5537151165351772
0.9090788971202381
0.9067903509362163
1.0
0.21962574866938545
0.350363548389681
0.014669430046429113
1.0
0.316610521665906
0.7930711172845905
0.6238445870118818
0.05696092645463133
0.03602398024010658
0.08071494867090118
0.06720017798999829
1.0000000000000002
0.9616521410080482
0.02892834787512911
0.8348579158827469
1.0
1.0000000000000002
0.6287724724830652
0.7701935772541523
0.32208940060803326
0.774595087321731
0.048725707792340346
1.0000000000000002
0.7731876115843979
0.7855946206491987
0.7278215594889526
0.09035478258391769
0.22375717038391313
0.0
0.12702337799879482
0.07257010092378074
0.23772300631355825
1.0
0.881943134309475
0.02445730597881493
0.06842062771785423
0.39008484597054416
0.06075777232317353
0.880983131552643
0.4739146859134636
1.0
0.09729376787676595
1.0
0.10541072108961391
0.9319341105565963
0.03033029848692609
1.0
0.02151347566891506
0.790223516768352
0.08322527544375258
0.03095755842132249
0.18048460349929832
0.09591547794332653
1.0
1.0000000000000002
0.6064295641616633
0.3510704748924001
0.5306294887406813
0.6481364058018771
1.0
0.5367255532526882
1.0
0.6790963149567402
1.0
0.36181777564989653
1.0
0.9086108103480652
0.7769586480552221
0.7127479885437762
0.6576829685554705
1.0000000000000002
0.0
0.625368323466544
0.9611428297815406
1.0000000000000002
1.0
0.022820180998095525
0.5350750836968546
0.021010781443582326
0.4079416769334559
0.29111461846556086
0.3178022038531042
1.0
0.32213266816679453
0.16700429876515252
1.0
0.07598710877461566
0.0049861307493364775
1.0000000000000004
0.180308675709292
1.0
0.9284899825202271
1.0
0.4113010447509574
0.45187096787110964
0.1831542868544543
0.535197140239061
0.11635246555367929
0.120302509539278
0.6572022979857903
0.8663681353294324
1.0
0.7373660956910466
0.7168700822902934
0.4821780160452773
0.03469097340384663
0.39707343805915024
0.784215634060546
0.3711343825146486
0.11375030090436661
0.5897788807079176
1.0
0.0
1.0000000000000002
0.05726174415212344
0.8501872007317368
1.0000000000000002
0.48613402091178837
0.7632133758402342
0.0
1.0000000000000004
0.7475430920880146
0.5431420133026597
0.6652647939881741
0.5738504293100122
1.0
0.029043466653371718
0.03550644457360466
0.9428842924435041
0.2648745180831427
1.0000000000000002
0.6481364058018771
0.27821647642618985
1.0
1.0
1.0
1.0
1.0
0.3981486799259706
0.40403019876679847
0.03667928623623924
1.0
1.0000000000000002
0.6403051984943702
0.857983271202657
0.7047471944256929
1.0
0.04035539946453598
0.0
0.3960195348678898
0.0
1.0
0.7492805868561
0.5708475136609676
0.34312531427487075
0.25876558693086255
1.0
1.0
0.7049386296591866
0.9625056045303004
0.06933693958792977
0.0
0.39967136369162304
0.062250151277502025
1.0000000000000004
0.03412207875484258
0.013100971686974591
0.07763571316182935
0.17150622572990057
0.7833391442438398
1.0
0.039389831022275335
0.0
0.015830880462072948
0.16919522952427726
0.05129963080886432
0.8948088322303811
0.07824957270864956
1.0
1.0
0.83489981129712
0.2683643120248029
0.5184287229868182
0.8218910527914216
1.0
1.0000000000000002
0.6200075228910198
0.4695479626582292
0.10470788359933991
0.08208145300705236
0.07640308576563236
0.1395420031990282
0.04288861999502691
0.510242520597735
1.0
1.0
1.0
0.2314925338332438
0.0
0.036055490067110285
0.8201530414816591
0.028368221681804813
0.8202054790496135
1.0
1.0
1.0
0.12354954754256567
0.35173361010458415
0.8013969170971214
0.9586522085529174
0.05105386461930628
1.0000000000000004
0.6324337604822245
1.0
0.06414791237730713
0.9129244421765296
0.0074764794569261534
0.5720026170318169
0.1682764518520177
0.3337483478501925
0.3446065124346217
1.0
0.916292372714567
0.9328744959789406
0.526071287963867
0.9766728228377993
0.1490433399565457
0.0
0.8795886853007518
0.7626115259969807
0.008086693103045902
0.1348072144041402
0.533568710994363
0.7771583973202714
0.10517332802051378
0.2547126748212451
0.520147210595402
0.9534827709681706
0.6212528880818039
1.0000000000000002
0.0
0.4660435434953377
0.6246591054434896
0.0
0.528572972171273
1.0
0.443280905413144
1.0000000000000002
0.40919441181839394
1.0
0.7703924362708703
0.21060954356768108
0.8578220342339904
0.641303994294161
0.6837306429824852
1.0000000000000004
0.05151424922783057
0.5715069934277245
0.8998932451593581
0.05854659333830032
0.7544859356179157
0.13835854978573592
0.6837306429824852
0.02923935719495763
0.25341906784025936
1.0000000000000004
0.6837306429824852
0.05158037804477994
0.015584938568413365
0.03738653105457408
0.14945613313132078
0.017988662912903804
0.0
0.028684082484719486
0.08542315469674955
0.07558005881547566
0.07082348820031846
0.02522121482103242
0.2721814743547315
0.9319341105565963
0.010825364959573345
1.0
0.46887704257710433
0.21316336510683906
0.3081382419598022
0.0
0.9787868615142372
1.0
0.04920947308055318
0.8256460513932675
0.8559021684490884
0.5560985635336806
0.08467214799448075
1.0000000000000002
1.0000000000000002
0.06986110100486295
1.0000000000000004
0.37535984879617457
0.49700463356875524
0.5042270744632456
0.08267605418321913
0.9044501378728381
0.19400637691303643
0.25464311145201374
0.6503424312728115
0.6821562886019467
0.18020519079822428
0.6449166202382488
1.0000000000000004
1.0
0.3834862751345002
1.0
0.6346562471456242
0.033023614160356894
1.0
0.07137305137975666
0.9028272729790124
0.021110028759492597
0.43910590647136116
1.0
0.8196721615469208
0.12665407660968228
0.7064514413591119
0.6327156123362814
0.04061516545984724
0.4215590706857521
0.7223645777540879
0.5913082913740475
0.7798701166300214
0.7541932029506792
0.9951163328007643
0.9467456130243588
0.9615679551183244
0.6802850254366831
1.0000000000000004
1.0
0.03267821202017931
0.6864311682464188
0.10591228981338591
0.26639287165171616
0.39782171042175873
0.9341363238874077
0.027580480090940312
0.012569008328118258
0.0
0.02343558298141313
0.3094327521283418
0.045611957122101504
0.02329272277775848
0.036658556015650726
0.01601468320055516
0.06861169166640974
0.0341120452790116
0.6845354941492663
0.32203822792094505
0.0
1.0000000000000002
0.30799448199056456
0.30799448199056456
0.09586170470597798
1.0
0.17637344175079558
0.18335477533407843
0.523770758073389
0.05841827800070471
1.0
0.01934623250954729
0.4453173256926913
0.015768553709471018
0.008708642633748463
0.08394038095690023
1.0
1.0
0.07092230427726366
0.43436695218264404
0.21170631980934673
0.0060784247080804404
0.017133784243825716
0.15071200625071476
0.38279111982281677
0.018655679646343036
0.0444272187034859
0.14660610859040227
0.09678519825459221
0.15222905310229276
1.0000000000000002
0.022942966902425265
0.035141723725095254
0.39850893026114376
0.019476029988519286
0.2936302458087265
0.13887870203093328
0.017918752670466685
0.043695144064066375
0.0
0.006404470798633313
0.13220693894697808
0.0244701467467595
0.017355297804071676
0.7260004275323448
0.0
0.09072868136267208
0.005608853661479876
1.0
0.3530099586368244
0.2965841574077857
0.40839653905619466
0.12219526272445225
1.0
0.06769634949122055
0.48756932463518676
0.12253052549195208
0.057762863953777124
0.6387208087521099
0.11058186512660045
0.7039320795879245
0.036812838274327034
0.04418853161592126
0.4683073831060951
0.4481796757460921
0.01970688777694311
0.12636412474034506
0.507810067327015
0.5808755402480841
1.0000000000000002
0.032598352244042686
1.0000000000000002
0.268777190851725
0.565677496819733
0.07692379487642925
1.0
0.11215172748402187
0.3317453422915635
0.014573065543637138
0.564768807803554
0.7079933132160832
0.019239222029441266
0.05677325406636666
0.9428383663892319
0.5299270602669047
0.0
0.9739189963106842
0.63908486034905
0.42376612257987145
0.14409779585798516
0.052405128135678006
0.35840023203451504
0.045845975530311674
0.9252598842172112
0.26334522706470287
0.8462565295122889
0.6987506834315642
1.0
0.080452964920712
0.052336973322501555
0.4630035262987418
0.28002596184161543
0.6682877390546146
0.8148676176876224
0.04433288755683653
0.8002077515380139
0.8454646335792594
0.3157173138912831
0.1486567783061401
1.0
0.45280332270475654
0.06247710229948748
0.0987678108306273
0.04761789411680829
0.8616642099545404
0.37401419533204616
0.4825809418859276
0.507838051499445
0.17650465140671043
0.008079918216380372
0.029384731748811854
0.7669932935249264
0.12830220781167254
0.594698839364248
0.5420867322572138
0.1391836227519503
0.06826730997235507
1.0000000000000002
0.0
0.7031118519761269
0.49517909220915873
0.11432503854874594
0.04122210170131729
0.07035588030266185
0.04242259606984896
0.4752345146313343
0.010855280580417393
0.04695774976035467
0.24554191582382193
0.16424603214219827
1.0
0.18947980883526705
0.33209709041010066
0.029863401950816208
0.5280849755424047
0.39110578547048225
0.9188536743375676
1.0
0.24602818826436276
0.07499868391356998
0.4060307160324984
0.18182188364651888
0.30638953308850303
0.2711257230448882
0.08723797373628468
0.08187990593696623
0.03713581635275212
0.04008422387492811
0.3640303126665848
0.14720254617301565
0.019993023919406324
0.07958021934778947
0.7128081200436509
0.07877584600760422
0.3223921194713973
0.7716493489629292
0.09703628934651627
0.04722497729302485
1.0000000000000002
0.45531674939782757
0.024339075329066998
0.03201579512253312
0.08620925430436976
0.07903692521073245
0.06366575529554346
0.5711157717614109
0.11392392939022017
0.2492233294444587
0.1149288474369817
0.04663094037285428
0.6487617500421978
0.05213478348120032
0.01885825837968239
0.19363384546726023
0.08838275070428264
0.06738179559860348
0.266959974459111
0.7318113451044876
0.04469003861294312
1.0
0.02018654282355103
0.04249164735643243
0.3087263933708358
0.3189386117495254
0.4053015527111037
1.0000000000000002
0.06641363766201638
0.6561281996935487
0.05705794340401319
1.0000000000000002
0.06482411379887978
0.05298919513676293
0.1393057969032055
0.011743019426000778
0.2562776172510004
0.02641987825064651
0.06298890781256908
0.1999005067455966
0.09603233775543352
1.0000000000000002
0.2511194460761815
1.0000000000000002
0.014174255338752021
1.0
0.7288460505970247
1.0000000000000002
1.0
0.6714647785720856
0.4235220647156402
1.0000000000000002
0.1044792602134078
0.7341185427703509
1.0
0.7583847650863681
0.4024440800604487
0.42596445243951153
0.10858349357074862
0.28634800685099665
0.686611887971688
0.3754885147571218
0.7206066384172929
0.08680922016232381
1.0
0.7473633144810765
0.4628000242084118
1.0
0.1748541998127265
1.0
0.6711572317956409
0.4038976627020798
0.03400160141664358
0.686611887971688
0.3143696030030938
0.22374014699997688
1.0000000000000002
0.1539280012367002
0.02698253131708576
0.5194255491512629
0.8484404244536703
0.39674134947395656
0.07164938340795221
0.9999999999999998
0.010392468945381943
1.0
1.0
0.039385275724011425
0.5834736958565159
0.12580362390000965
1.0
0.26082788413303565
1.0
0.2217498773101526
0.5161808532590804
0.6246826668775073
0.18475692848342626
1.0
0.375605706583087
0.46692415835772116
0.4102179522389838
0.9935598638374131
0.6973041890280562
0.46755787668869664
0.8702472424717096
0.4314589180648994
1.0
0.8714293025185602
0.9636157229251787
0.08377281099607119
0.2674220153314368
0.10699869296232015
0.05697038213507754
1.0
1.0
0.009734197114923205
0.6330695707391513
1.0
1.0
0.33484927681160204
0.11670894441119258
0.045873290864321264
0.2990199128581951
0.686611887971688
0.6980210537890816
0.6208196810258505
0.36604283577779034
1.0
0.517089171925472
0.063796468790058
0.03965504598271657
1.0
