0.0
0.2237741328786395
0.6025820717250506
0.16495528416865207
0.598212211961732
0.5945611382494256
0.5653511013320408
0.012781591939645197
0.2762435570573557
0.8298695978471753
0.3447209311171042
0.11416016253610667
0.007332099327941366
0.25727804541736554
1.0000000000000002
0.12808413906238614
0.8317868392694824
0.02588846910160487
0.0860309458187315
0.3301195842039703
1.0
0.029212705582524937
0.00207000288620718
0.7955459143036259
0.8750598308130354
0.11434778581856607
0.8309698963553042
0.560836397753586
0.44722106431949415
0.06594107537692705
0.614970594766088
0.5051146659040394
0.009308968282063379
0.19778480631439468
1.0
0.011789785575149531
0.7596966894046931
0.3424580294954009
0.0008660902602261988
0.4468007142140355
0.22058267302514842
0.006899942193629915
0.8393623854956079
1.0
0.8380749018810566
0.04957603065256761
0.6671040038876547
1.0
0.17740125188204273
0.28996005533786856
0.7553860994754484
0.8546462263143497
0.39047475624154343
0.02665293974739658
0.036717065699273826
0.7523514127320283
0.23603218729957834
0.8060687379577893
0.30915103490746026
0.5743861124095017
0.7348588755976789
0.4535582260835149
0.9089719977008762
0.14972986717238074
0.40920580099850185
0.019477095262055513
0.13576630667358963
0.5650270866659333
0.01083273286111455
0.022610843127735505
1.0
0.7004391651078281
0.00608929568824132
0.6236288171973277
0.43433765253467127
0.7948722944328787
0.007878973425457467
0.22396844071064478
0.21521898592542102
0.009449214694965498
0.02214478157046836
0.5737822118998595
0.4684351801419356
0.008088566175787147
0.0
0.5318252225872858
0.6984650399281719
0.5691805710796403
0.3129841109031067
0.7521963681306569
0.15636690757595795
0.002277684609259197
0.29501199399672523
0.2898472553770028
0.7590296679131783
0.4478195905557531
0.1855273804825772
0.43186155769723134
0.04086146460529245
0.028546495864085166
0.7130132237431567
0.15678913289851532
0.5706051454578591
0.8298695978471753
0.5142006956665024
0.3023381835641153
0.2591251694007132
0.4917712219145601
0.31588615386235513
0.5535248530246705
0.3153923531869054
0.07733729699623965
0.31561584243976076
0.0
0.5745094124040033
0.2179882035265276
1.0
0.22460632471362107
0.7323801842845167
0.3683716317670406
0.2565711148591421
0.26268541004719453
0.6883451327893583
0.77724583736293
0.8665518105935198
0.02187105732501831
0.2459096745122446
0.0012962123786541182
0.6720844567664116
0.2070356590920925
0.6843166931898682
0.28686283036164445
0.03282081008251366
0.008497365514376484
0.018520808039321435
0.025677482913525274
0.9078554143999944
0.9118925505923962
0.0073855088141726866
0.5039010039798785
0.4220365396531591
0.8527611279652603
0.4711873839064321
0.6660409529450377
0.22870831806811356
0.5203244985304986
0.013556348321097688
0.7713933096457002
0.0493491863343769
0.689453866430032
0.2695810199595588
0.012590452912343196
0.10093754139388293
0.0
0.0030956841174637107
0.020095204657236857
0.17507723191789573
0.8668361868354453
0.6462342752962044
0.01041642590957846
0.030801463801307303
0.17385177794970394
0.009405069095649206
0.7892001075577237
0.39989734311261577
0.6004634161370681
0.02615476760334713
0.8710205824117431
0.014972506131442466
0.6809101886384702
0.012570631280622918
0.14261051676598382
0.009672350307992399
0.5678837131560717
0.009607943300038276
0.007557932379730458
0.07412400024501778
0.017944381762233307
0.4622139372939651
0.6751311329072983
0.5022404037795646
0.21609541482836986
0.2847649228537352
0.5814919216642349
0.6456666136545587
0.4164712623085327
0.5667640428830667
0.5302770657137127
0.7826493075095808
0.02185663253513859
0.672463555113077
0.6939271333263078
0.21330538912011068
0.6300720302976603
0.24291529602740922
0.7345160446619599
0.0
0.27600684977509093
0.6141899204117144
0.6697320297528626
0.28237504379121214
0.002074561908917775
0.41306043631622097
0.002604302564866383
0.18766418783539163
0.11690189082047862
0.20408932866727597
0.7363693317524391
0.22795409990046409
0.05737796652194749
0.7844269498925428
0.02358783214645488
0.0
1.0000000000000002
0.03930983036207953
0.8638264558945926
0.6962980402097627
0.6666717235229239
0.18246304543650407
0.2716737644068354
0.029618160791893743
0.3093997152099537
0.04805176045295374
0.019173882464147054
0.47355628565714447
0.3284273892277611
0.3620064344980105
0.5583511671915314
0.481528794814621
0.3781766589645455
0.01609422255557056
0.0835913264728047
0.6514815240836866
0.09006747382436284
0.03604430884089239
0.3532547090661073
0.4953816905887212
0.0
0.7989003218135289
0.021077268478350713
0.6407688533183834
0.7585564778561987
0.1808831190215581
0.6135203272885078
0.0
1.0
0.38450752876695676
0.35403867014601664
0.39223680760628343
0.09418474459512417
0.7659069286829786
0.0026403151503065197
0.01924074102143798
0.686850234778108
0.18155522997841006
0.85729464782486
0.5814919216642349
0.11676056191709891
0.6076114900178854
0.6895738776712392
0.6574678000731343
0.5241332944128748
0.34086336318463034
0.2551825255307026
0.06962085423011048
0.008902766665680965
0.8548819242895195
0.7954301164395102
0.5510551955699072
0.5965879930760574
0.27358113119372285
0.8370724506085729
0.03150161202728183
0.0
0.0
0.0
0.8724437064854644
0.35545083927704463
0.3819583459508378
0.28642759281501157
0.18590054127411157
0.7324683438443619
0.8560312747663648
0.5376104009978308
0.4796839886042191
0.0035143980138763716
0.0
0.0755045062884364
0.016829033445395433
0.6474631918398711
0.015464354444167603
0.0028515461103892584
0.034886550851102135
0.09950206674628173
0.5290691456013704
0.7530021695628214
0.018652191866795172
0.0
0.0028306967329981892
0.043797881453527136
0.007920091143308617
0.392564975690127
0.03268681887198572
0.22389037646750634
0.1390968602835072
0.7611838168674528
0.11272054260612183
0.15417405239138104
0.4007299512835038
0.1746112294105649
0.7003533734084381
0.2364772099866255
0.2286489475895461
0.03270084778911448
0.04116332575769898
0.025509822383216304
0.052897745417025306
0.013302509057826824
0.3801022365606437
0.3947188155243433
0.6910253203237907
0.2017936829366702
0.07950286373306242
0.0
0.0
0.49395753939523934
0.005856797721287194
0.6853594807437747
0.511081215906994
0.9000925320295612
0.5915150856617073
0.07959518942362552
0.09082708148283541
0.4086889534926273
0.49644626431926464
0.04321077371394229
0.5291850823965294
0.23058721386056016
0.5545707455557092
0.013863006315472742
0.38651230510063855
0.0006796799506296503
0.4654208499212155
0.11574384869951966
0.14213846404532393
0.1217684658183572
0.8443056081175896
0.835482084860307
0.7743673159523123
0.15644648638881076
0.8600030621963534
0.06232759070752924
0.0
0.00931340161612376
0.5789327300480122
0.0011486831537406048
0.0351027780876038
0.25469425299886395
0.47252355256035355
0.06121778256565349
0.14255934730471423
0.1542990049848193
0.5087122090945351
0.33556238484200784
0.7537366225913952
0.0
0.317924630184307
0.3962386742302005
0.0
0.2494560842396281
0.6148588595901301
0.23792581782037317
1.0
0.06603786887226516
0.8674027719138244
0.6717785300514822
0.12379143188484668
0.7833370399052886
0.5375119772845548
0.14548181183775
0.4792735975845124
0.005496375695078783
0.13909403222592173
0.8251052043961107
0.03238389396456141
0.44242543189567046
0.04834151573283212
0.14548181183775
0.005395288268694264
0.0549263252096236
0.5485412093019282
0.14548181183775
0.014456686287978747
0.010723052509396081
0.004291651488404333
0.052917254899675296
0.015874145187212377
0.0
0.007193113817447979
0.03259434845400119
0.02902136716342836
0.016393142846217932
0.012671519181261639
0.029148722340273478
0.7154219811170935
0.002125090405015968
0.6920014312099267
0.16181570679216845
0.09528785589084071
0.12173056191180189
0.0
0.88671012958473
0.593359979788395
0.029933660580545977
0.6335311505133253
0.614831072990155
0.4110770918590962
0.0
0.807278498830084
0.606617075885475
0.04686463138682926
0.6034971077311396
0.3157608928941052
0.12311192219986448
0.08914848537638699
0.007862193310651903
0.8067844300145375
0.030088006467818486
0.12701931964143057
0.4076861481482146
0.5265564426854042
0.11766423566427986
0.3120499009535838
0.8791431039313113
0.1414743922461287
0.052642397997270135
0.05069236463577944
0.4833040030058929
0.015728878500535424
0.7186872558193618
0.0046291770534479535
0.6819049593663263
0.008668566074295793
0.20466777139482006
0.21905944008165976
0.5247082810611926
0.07349251606215947
0.5565260894931582
0.43336650382001723
0.010749285012206877
0.2446659928655154
0.031399334772056677
0.17220242318172574
0.23064388697607896
0.3217922133019055
0.8989107385609743
0.5261547768740392
0.8172976460323415
0.44863039138256616
0.6148932868780119
0.17021793887011427
0.010923692414541069
0.2980658167428835
0.0
0.1570354365427127
0.1898389046275379
0.7946398892044987
0.007313694968787033
0.0052160425599860685
0.0
0.014796262059881132
0.06128027155234439
0.01764775828073509
0.017694962354173137
0.01834673400269551
0.0033609870508875153
0.006237426515128158
0.0055594789754018084
0.5209170748703881
0.22871254058841622
0.0
0.6008819689707049
0.26005516717548294
0.26005516717548294
0.01211047196820638
0.09531076451765559
0.021250368360600225
0.059512282804654586
0.41539535402565664
0.0
0.04631090524107138
0.008333337596587791
0.32127400899288117
0.01223817674847401
0.004156600109674825
0.01987267258825318
0.7563015140123337
0.8145040046544118
0.011489683920685861
0.15595310574276833
0.09291721450582102
0.0022649357783069177
0.0015576167494387014
0.028547678391145456
0.1720189427595537
0.001695970876940276
0.006647416585794236
0.06337448046438891
0.029516673323807842
0.0254126677745953
0.8753568738179213
0.0022616646483537292
0.0031947021568268412
0.00983569676242777
0.0032546952937104077
0.08674516403544387
0.025718146533928673
0.007625601723069506
0.029512468949591888
0.0
0.0005822246180575739
0.060785264920556775
0.006117262077371879
0.004652090754408449
0.29774746398385477
0.0
0.015649089280340298
0.0
0.6883612987387185
0.24909111684167018
0.12334709141539424
0.20230176906580918
0.01887634420453826
0.9490682583485291
0.03090624344525208
0.23983142185782433
0.02593042898318931
0.013990451802261373
0.4567769061395048
0.02708340369648216
0.6284166956146205
0.009656101587012522
0.01916489143001773
0.3451041612040864
0.013415031515472197
0.006977109267715414
0.053085237306093484
0.15024147621801706
0.1885363894726778
0.7161885751723216
0.020920191378892974
0.823076502625539
0.09659320693403507
0.5113699644541468
0.06206103673629029
0.8359835370232371
0.06805095139552823
0.0924497143299862
0.0024685470193339903
0.39862683688233996
0.4640704452228883
0.010500416886332622
0.01098275882044458
0.6973830466467027
0.37854536905717046
0.0
0.8392885610865192
0.4903896404554159
0.026795182394185914
0.023563749659322255
0.01524564394959474
0.24866619579352617
0.012651634234289381
0.6676387812790648
0.12687898800326988
0.4505233435391785
0.5564346028077145
0.72296409388264
0.024961283737325687
0.040147040344518
0.33894778834442807
0.16585349902758872
0.24592227682595114
0.7046687058241112
0.00653902332024211
0.5323281703213348
0.7266206367098755
0.08491103661092848
0.026240489639684342
0.10960850536184091
0.3611171127307929
0.03573622137580263
0.048443105594491505
0.005590506596271366
0.7090072450764372
0.24723558016874572
0.31219890457469174
0.15674697023892764
0.04850734585326764
0.0064292140812537615
0.0219399013623749
0.6747737734125018
0.019135093113708854
0.17213836169986327
0.34001736791543996
0.04009138479531004
0.05264531545843898
1.0
0.0
0.6221932809821019
0.19590712377519637
0.0485533367918392
0.0021783201175699183
0.03434928370989749
0.015076112343093213
0.1974795970672906
0.002213784801100285
0.006049693582447691
0.13834431823969334
0.03668174796017157
0.8445656721602405
0.05933548766317123
0.025927747837510975
0.017226691335199287
0.14793220452919412
0.3177059749538742
0.31944635892703793
0.5105900971285942
0.03074611378350365
0.011898319206414041
0.22738747370039752
0.058785666705877544
0.07067619844899918
0.005224005376589253
0.030802352005288084
0.011566409864705663
0.007546563065020919
0.010190872169513452
0.16382333257283826
0.021990743697489597
0.005720848739039858
0.011554425209974161
0.1535447308763027
0.037986349074273604
0.19034030821106906
0.4605396186593035
0.03505181103325518
0.005368897595756042
0.6647299659645897
0.3350180947781901
0.012408284621033015
0.003394252595836084
0.03738140062646892
0.0244805364510427
0.0424128057747642
0.1444041274624668
0.027177100947918118
0.09641908361178396
0.059717156810385544
0.0070546356757059695
0.27577514480779886
0.019365985044455837
0.006718583166261141
0.06833104496688314
0.055143892806637826
0.007410028317564535
0.10777565589645742
0.15648139008056464
0.026776302609325443
0.13019643331624858
0.0018351402566864573
0.002935487994895609
0.15091937936325697
0.02271228501755317
0.13021216026066473
0.8029459203139527
0.007468467462449697
0.41066192960419534
0.005187085764001199
0.7502791164499154
0.03257104341332494
0.01299011510026147
0.09443661239044525
0.003699626431701651
0.05452330269102065
0.005643271032941058
0.011814694619644127
0.08382571891701528
0.0
0.7587027358845365
0.08401272375712622
0.5262301307685774
0.009800481302921387
0.5793732623738934
0.543026991951267
0.7972952794125994
0.43452359451300554
0.47950113155369894
0.23221363911677387
0.5543840034935049
0.0465056518272476
0.6077074719676046
0.2532506108397384
0.5501139545527134
0.17711651557465277
0.15037063507083828
0.06793383450407749
0.15682488526614755
0.18461837576191095
0.0
0.552263927764762
0.012856909310750914
0.8611403893796922
0.450924108948319
0.19239506305100515
0.47704591757931636
0.06483752131494858
0.44728073973285815
0.3842720376287272
0.04439318265364977
0.0076453178339490465
0.1995931102970052
0.005861970788240149
0.08402334792495525
0.8451428928124266
0.09301700680679857
0.0030465904984006576
0.35654247645954973
0.5121167364082576
0.09036895467645228
0.0391547895389868
0.6552476047724238
0.00489304999725526
0.2689845854066717
0.6041698244726779
0.01078660561049689
0.41663051970262804
0.09216888713534165
0.42677426091851184
0.20375256510643777
0.7633331910535854
0.06344065352738638
0.11597173180758454
0.47946950606146255
0.06571764398144149
0.7131202250096849
0.25530255846998223
0.22261444228719346
0.19754603039835092
0.9261097865513815
0.5474220611005742
0.303737239355018
0.7016104045526883
0.33558202662584063
0.47590191962159484
0.5235147548868149
0.7609534981786491
0.030934207356255076
0.1540347878004162
0.009727153905665469
0.03370078000797785
0.21875243092791255
0.28355085668153757
0.0018482083737630336
0.3694976968618811
0.5676117432199859
0.2905688729929348
0.2308556917683723
0.03816215818611238
0.006189619055713552
0.19951300872339187
0.13874136650907257
0.21548465554373697
0.43363049794710096
0.0806225884362955
0.24845184002795903
0.41298417575010277
0.031648839355092634
0.014139797043273804
0.5170114098128211
