0.11167445001618158
0.380375463572174
0.7249777010858632
0.07133523584213411
0.688132077288419
0.6326118569623747
0.6980725155542106
0.042170985100279064
0.2699102588302663
0.662881660530744
0.3851147174776388
0.16870792021720113
0.02775466445447941
0.2127011629001765
1.0
0.12040609657950484
0.39449130655647424
0.022658804561484645
0.09015861447649014
0.1599989156263574
1.0
0.08470368002916073
0.022985584003199073
0.5147211086484662
0.7746021239452734
0.011557047690104238
0.781291967215559
0.20986291647643301
0.6211777549377826
0.2983639428406027
0.44679290909051345
0.4718981943025264
0.0022161519242523855
0.029330207615911156
1.0
0.004739952563845719
0.498151507303298
0.2923396769883947
0.004857117630975978
0.383790333518025
0.23264101290789294
0.0
0.31098816092545406
1.0
0.7289349522430904
0.3500257323031099
0.8012956410363669
1.0
0.19146460542515986
0.04048159968445951
0.7153551165169105
0.7506219601244093
0.1887155160916579
0.013478474029121794
0.02700394615876639
0.17328599796076918
0.3120155910247234
0.3476359962732763
0.30555979197921046
0.4305954431309882
0.5466838672728165
0.3310562725454455
0.8539574576447959
0.09332618821369833
0.13063018456860934
0.02203367408680509
0.02693918056574108
0.713870103864303
0.026255155639572564
0.012667759555050137
1.0
0.5757980132471585
0.03244643601417935
0.26283663143453
0.2257893747818587
0.5678765408657849
0.01326476757002026
0.3120000075850694
0.36767571922057046
0.13122019642076657
0.00436651293582191
0.7708465206387508
0.21111758221400923
0.19426451210778217
0.019269576825054282
0.13724436647648938
0.5820354947514129
0.5164529931999785
0.19321082837567422
0.03350508281171839
0.43229074682935936
0.021152180840458473
0.0721569328192346
0.030892438293417014
0.6709639822935209
0.389210935755803
0.07250013192115103
0.23986484333187005
0.16780754320655203
0.031417777850730765
0.6828463097312499
0.47910236195160244
0.5813889061161858
0.662881660530744
0.24740352782652608
0.17483321355578002
0.0738501916445634
0.4870228864929847
0.3617776096687025
0.31235527078473174
0.4040339034857378
0.07975377820366122
0.4042417120616633
0.2898383109644057
0.530009395036395
0.39485983720223594
1.0
0.05259226513825616
0.44573646378309106
0.10579781094289083
0.6146159322440283
0.602813904919498
0.2550772683243895
0.33940115680681904
0.4841777344911007
0.029074080069901198
0.37978008923601553
0.013147783210406225
0.6455734240539613
0.15966352230850628
0.32052047251107696
0.30830353929811066
0.03813713049707466
0.022233773568103566
0.10753818732008283
0.00859265132807228
0.7551016846377029
0.8526947116990096
0.02584837479959385
0.04545429858091725
0.2862186394224648
0.8518605032277676
0.5923277663776416
0.5031460368146196
0.3466747531913831
0.5247007077907023
0.025603616804074105
0.78210551892228
0.614954254826266
0.7229241111176065
0.09190353302833111
0.014530057123607951
0.04812994318563944
0.1381904827099963
0.016393711784422983
0.006045843141159374
0.0005680474878948559
0.45547134960925445
0.5131746073202631
0.0
0.05294571542636104
0.18454101531510325
0.029921206107616005
0.5557529751213663
0.37228796885246235
0.6515128404635274
0.04409317418872179
0.5344417710663786
0.007574985823553285
0.5675428938157409
0.03262654494528571
0.03540551018249676
0.01230753878985103
0.7552922770747831
0.03348014830478545
0.0536369793708754
0.0075899364907532066
0.024554728234211416
0.42653467264714523
0.31994182054180714
0.4811450604217892
0.17736128000203719
0.4431966977613572
0.2948951087855248
0.5655517028440763
0.3330096653738931
0.3477431833855918
0.48099578664077924
0.7487454879670967
0.02464245404174728
0.7738617705625449
0.5366619068023519
0.5755062320325537
0.69434777739008
0.4272158292199257
0.8391792874366446
0.013252776897820239
0.44969892649196336
0.4760790623931553
0.49281968298786805
0.30531382962232917
0.037661740017980797
0.5403723059765532
0.03800951473869548
0.1719765562562708
0.2590149767768711
0.06700406203559503
0.5635080715643526
0.529170527116707
0.03210484386063351
0.8104235332026829
0.02577571971388958
0.005185980034551832
1.0
0.09814013851219323
0.7540488459154296
0.07599401327253527
0.8414177349214126
0.14647828336741125
0.07989207092812968
0.03270440724822056
0.21604837437980626
0.024121316917519252
0.06052214740901653
0.348916766705423
0.500591579831679
0.5255700940655282
0.5239122673580797
0.5732934301877116
0.5502044132921889
0.02429883935150821
0.021015030305369286
0.6623988124462964
0.5277331686775687
0.11276519124236516
0.3120232228030297
0.31251847099774793
0.0476221581487679
0.21270342641424603
0.020595662471795107
0.3105408523851025
0.07221453684267953
0.16205284034609715
0.5926537545916253
0.27228779188695434
1.0
0.46774036579883493
0.4703174022198087
0.07426610286367097
0.12693602341275925
0.842119229447454
0.039211437546776313
0.02872382964247313
0.5834528150008602
0.1823992670219991
0.8934576420824802
0.2948951087855248
0.12813793012020266
0.124571300891208
0.033221706360555485
0.7860323997525649
0.40414817189149266
0.35112409961010815
0.137888507145509
0.01307906391331552
0.010614637226766293
0.34885400998835386
0.05984929566604292
0.6039202539677958
0.3783421923663997
0.11093599614637618
0.6611586059078335
0.02286803925841205
0.48945197302923704
0.006054285889197187
0.0
0.6186194630167162
0.6312367631820847
0.32368514445853963
0.2257172429357708
0.200360786751663
0.6087305162067514
0.816889580801367
0.35124871677969743
0.20757176035033953
0.03264441878947615
0.015213038345108069
0.34675801573138915
0.017306398991531347
0.45324957850498304
0.027224358035022496
0.03051486756790112
0.005041454452867082
0.09438938821846062
0.4018681360388961
0.7831935707424884
0.04662458168949939
0.03237799344316247
0.010021820115521383
0.004780694741899426
0.0795951913557695
0.695154042962048
0.030702669690147535
0.2613931602436546
0.19775793126116695
0.5071483337393017
0.13140045546833706
0.4377486294938818
0.3872886964061325
0.22197658113323587
0.6769290106226528
0.3679779337663173
0.33716595312730646
0.03279770878545039
0.045626476495380985
0.017276794810978317
0.10743851882181919
0.006485454340099542
0.48735431344987007
0.24391862002366585
0.5545781161963432
0.2572691242519273
0.18536246534738576
0.0116123256119688
0.001141604176035921
0.565785890175413
0.011633489955549678
0.485451358960692
0.790673455146129
0.6521546698070952
0.3820023670398293
0.04904582469623768
0.24654791178689459
0.6765999195583987
0.7000205162324055
0.02325359737388278
0.5713514429388803
0.5945508633301574
0.5942196880237923
0.10101216323506372
0.30479948221603737
0.004019578832058638
0.48135526767283404
0.27930563685764975
0.1600874129641987
0.47657906967287345
0.48422680657541306
0.572825916120525
0.4898998299855192
0.05171709106197832
0.32910439625589466
0.045070179234453736
0.12997391042549727
0.4671924801371682
0.5869078352836227
0.014227066332426649
0.33462131582255267
0.21679296041506432
0.22572480602650297
0.006640275633524566
0.0006891154881285449
0.2408360617662282
0.6803784913096541
0.40100160855605316
0.7450178505587225
0.011211743406078651
0.2691720045570824
0.30425971032161936
0.01924970235766162
0.03382765792196309
0.6093040589028936
0.5663536946776703
1.0
0.21556756670175306
0.18837056000098057
0.7882288601676061
0.05767537776577649
0.5935616335957462
0.28035695909039826
0.23976049573417982
0.6782249011381218
0.07605856251440368
0.7093657194203088
0.2057578597216864
0.03896626438333597
0.27220472786532995
0.00539278054694205
0.23976049573417982
0.005226446498721069
0.010027130399678593
0.4607571697374442
0.23976049573417982
0.01605397972611287
0.017213404537134734
0.036651490281524
0.1309597701586122
0.016750031641999986
0.0
0.016113024090456805
0.02487482098106809
0.06520570089046782
0.010669024636900603
0.00283260455272821
0.04708602823031242
0.4627529858046822
0.0
0.6382779452350753
0.24199434760081553
0.024267291815136843
0.23916265574292567
0.015661726596533716
0.8634874502702957
0.4551338315531034
0.018051691090904338
0.30027198888645623
0.5084496632758813
0.11273198764742406
0.0048719207126085365
0.6632932703048507
0.37809509716568773
0.06394406430056367
0.3204858800379537
0.40388549431720555
0.30534327114425297
0.025282657395387053
0.05265811949767829
0.7143736929279975
0.06880519612869168
0.24912041624875383
0.5640120840668297
0.080648391991757
0.07910023134147219
0.712959297541677
0.8649498194420427
0.0874395082166396
0.07287550238114726
0.07963501496317547
0.18143249349309978
0.002192985858352202
0.843470878491761
0.013832925606354962
0.3075713710852951
0.02200922093813818
0.20736289425363236
0.36793698157298
0.39566775547214256
0.0017649232510522116
0.6903919889947455
0.3949101591134236
0.1290860133096076
0.38177783683520333
0.08766881053420592
0.15612561158207708
0.17755936462706828
0.21803343807690415
0.7919348049530113
0.6543820242116121
0.22817966317947866
0.3973036301823951
0.4580929475305138
0.45724486620566457
0.020156494525514594
0.22276949655036793
0.004532530003109355
0.2917700685272072
0.23039966254474625
0.80423257801436
0.000645692899398767
0.0008614151473334078
0.012445529848876119
0.004028046474896459
0.010942156023513932
0.010717782077221202
0.0041444696053847315
0.024526270309468013
0.0469071576265089
0.014777100211712505
0.04095000288959527
0.39288704182722495
0.03981204407805914
0.038248645988014376
0.38761064370246556
0.13633836968935947
0.13633836968935947
0.04000863211677926
0.15963734242508115
0.03193061321703551
0.020183214222438878
0.25519936086836026
0.016095916463139102
0.13453910582291412
0.01122267170830756
0.2284617608379975
0.03874124509134678
0.013058892114687097
0.09207719446203833
0.744398487702921
0.7855647960223983
0.008522421158839028
0.18678312663329552
0.1298562214764555
0.035608694263149256
0.005620972601406936
0.05485627092466648
0.10000079303245817
0.022659096856193113
0.00805986822844105
0.07808481238877121
0.016476350148729547
0.011443794381146049
0.26596318115965206
0.02739556523021843
0.02898828197764022
0.113080123632906
0.009919061510240879
0.19703534987401455
0.02400386651440079
0.0052678407762593036
0.014699040984879275
0.02159487455180672
0.02351258926499291
0.02307839626691747
0.0070524245202689935
0.035073474860965764
0.2211848356988249
0.021364429691558297
0.0949870272453678
0.013184126626014576
0.6337896774861856
0.35884809919655986
0.06859552603849259
0.20853285293126975
0.010210710599630735
0.8493045062561103
0.06129206717243101
0.062323894857252864
0.09208999356192415
0.01866796111354365
0.40999120141947154
0.03145368627864297
0.7273548470571031
0.045813802881256326
0.0024946314852128367
0.3716270594738938
0.3504777960498871
0.010191793534020745
0.02775605606308271
0.21306215369501355
0.5650771140022098
0.7156274916953193
0.053306408552261556
0.7855370490143895
0.20899865763525308
0.2771082279471735
0.03111916172376646
0.5407361630808876
0.026984676322975236
0.08991237917036685
0.031326581509936564
0.14946303036618622
0.39663775466195755
0.04820709434689363
0.03757940954171947
0.7984554581182816
0.3305318931820698
0.004001003099392359
0.20183074714092622
0.2885061555602747
0.08743170735711123
0.02096436561244337
0.026866890887875517
0.1670634368183903
0.12252318168157661
0.6253759602590032
0.03942871948173395
0.46313937711318537
0.43905749181309695
0.6345009439764606
0.03745691326834783
0.0056261786450996065
0.14348359493285937
0.052033787519444916
0.5513159840701616
0.5871341593209386
0.04157037302149047
0.6440242053089171
0.8672875278181378
0.10119938011207284
0.22577191815895578
0.0013189284381887407
0.09181725131700426
0.01884086733927421
0.05559776322207526
0.03533674544170245
0.3789349549942023
0.18198200838079412
0.24975597329093766
0.11448178233466326
0.054258051696622886
0.00912169571164928
0.026022083695214547
0.7838106205225804
0.020044274328797265
0.4153153813088424
0.4648679799679553
0.10759691070547606
0.06068876219734064
1.0
0.02491671712653693
0.3399506447692812
0.2654973421063536
0.061468071650043046
0.0022048222776660472
0.0054650006716870725
0.03286143131869877
0.2965261725462821
0.006660840505954861
0.09344654361987008
0.013882533870944283
0.03946281010257519
0.7010197812904406
0.07803224676394792
0.06012864718790705
0.014588602128536339
0.2742454587900472
0.10155619517793664
0.4310125723185513
0.24992087179783726
0.015534989102654093
0.0874365742215288
0.09967854054596241
0.08160011882543368
0.10140593040813088
0.046027469196368846
0.16750644662681008
0.024352884097124394
0.019607231965130617
0.037285568587233586
0.20379407120711648
0.002718068448781294
0.009747234572926547
0.01646317297340801
0.5254489217087234
0.02346575232003187
0.14806967122300577
0.20994226047263842
0.01417858135363112
0.030354511793041206
0.38160735216232033
0.15767863162411724
0.061089078332212575
0.006050625671713874
0.03992198090199305
0.003440829268705317
0.05429235518677207
0.1506581464009673
0.027256978986175268
0.011160579425194226
0.016738832647807452
0.016949465750234625
0.1691786828457924
0.023520349249768858
0.013013620973648166
0.08813381898960984
0.019195551682335946
0.0187329585205041
0.04413513358144456
0.2970981776223038
0.027319871123419822
0.1960056832179414
0.010974440603376412
0.004966344708524687
0.2698400269315834
0.05277784256712968
0.13914525925653043
0.46756722210417545
0.011913527271556323
0.2584901287385351
0.004888882226746592
0.48076332345030154
0.009615016242945081
0.02265555717358786
0.0369771844190946
0.00397186989966342
0.07131241401861062
0.006402362402956894
0.004726431607729479
0.11873608763937278
0.006047176443386033
0.32362191559049797
0.038183095100085364
0.29257553664606817
0.004843698403475004
0.4017874074377726
0.6323380617735747
0.799934208479476
0.47845084756582795
0.47935076463480664
0.12575149413278272
0.3238027798326435
0.41254738383155426
0.37195305344632695
0.37592608526478344
0.8392678517335532
0.5227002522890711
0.1704594178085536
0.06126556342435018
0.20059086316717975
0.2060305390538104
0.03560035434409741
0.19063691552311407
0.024835002406316604
0.8715398291010625
0.4916167832095462
0.09486476089815161
0.29388895899854095
0.027884042798869656
0.1923209389196415
0.1312715181681876
0.034634361836147584
0.010455888804914382
0.13822514131338665
0.07247618685835122
0.3096219620449491
0.6426186659069388
0.14187831113274704
0.011669428664736648
0.5657481610062577
0.3898932489372791
0.010199146388523275
0.04204791442415373
0.3931832138965728
0.02601727853464164
0.2008060483034841
0.284830231191297
0.013057710034843682
0.38035434310387106
0.05080956182045978
0.44832977956339376
0.09772884814658207
0.6974884078554898
0.012095249453429786
0.28328313164084123
0.37415700691593085
0.08550505993425246
0.5762329403037413
0.4405004052965567
0.31062126920370103
0.3343878230930794
0.8921775169591214
0.7094613129557682
0.1847425335823494
0.23398516386227985
0.22316629537412064
0.3719632517882245
0.6034509396574256
0.804835703951726
0.017871111132607673
0.23912524771545635
0.01704166785793364
0.012716231633138618
0.1988203957624697
0.34750964099560516
0.010586530714439778
0.30563534310688956
0.3883318815990431
0.33886038087539555
0.213541169078785
0.10870376889435529
0.03683207522387155
0.29001666489191386
0.12694492748356484
0.39787777798866975
0.12149979106536771
0.040803626340332314
0.22269019563714113
0.0873644516233588
0.12726322067978715
0.017741130769135766
0.5382234016686059
