0.1193420561776636
0.3776027492213017
0.7339452288009115
0.07496942435580152
0.6695754721623944
0.6489757394896046
0.7029243749969559
0.039359586093593794
0.2676984871626638
0.6533352224233321
0.3660456189903241
0.16440773621285615
0.02590435349084745
0.2055937242455372
1.0
0.11539341961013673
0.3809628570616861
0.021148217590719002
0.08692358011427413
0.1615853237905925
1.0
0.08728989411835639
0.028866769775395394
0.508155225007283
0.7711028967851917
0.010786577844097289
0.7748454184943696
0.22587773837424305
0.6206377384727717
0.3045420016975303
0.48212028256867284
0.47969086475547495
0.00206840846263556
0.02737486044151708
1.0
0.0049932787208644795
0.47835725147128244
0.2799049107806853
0.004941728842999497
0.3931281714935053
0.21713161204736675
0.0
0.29025561686375717
1.0
0.723147551612794
0.35201841569634074
0.7957437141864081
1.0
0.20791787477502868
0.03778282637216221
0.7139315667236008
0.7090611866465745
0.1851752180320099
0.012579909093847009
0.025203683081515296
0.17350133735967743
0.3155674966291953
0.3315519124221533
0.28518913918059646
0.4259085182305783
0.5390357972577174
0.32225417416757957
0.8571479169918151
0.08710444233278511
0.12502760292498838
0.020564762481018083
0.025143235194691676
0.7060823824495944
0.024504811930267725
0.012095986280440181
1.0
0.5863163478190351
0.03247243486736486
0.2565246059865273
0.21864726920361863
0.5810920045557956
0.012709862852695125
0.29120000707939814
0.3633154531655265
0.12247218332604878
0.004075412073433782
0.7700579257531788
0.23148299303302683
0.18498991040649207
0.02185396445439302
0.12809474204472343
0.5855112305310547
0.51883581313932
0.1919727815411792
0.031271410624270496
0.431380910949342
0.02008522233725177
0.07948968644164976
0.028832942407189213
0.6322196781354387
0.37754347275876177
0.07254494187360201
0.23751495032407
0.15662037365944856
0.030663361519458292
0.6787962834709359
0.4867139861658219
0.5944369219375871
0.6533352224233321
0.2309099593047577
0.16317766598539468
0.07449266150350738
0.454554694060119
0.3525250024674866
0.297628198463748
0.3963714887613892
0.0964417549539989
0.3956295070823061
0.27596053248944424
0.5275208884649115
0.3953440424514523
1.0
0.11345079402518721
0.46761124063229137
0.0987446235466981
0.6141252388686488
0.6031161704596089
0.24578705960603411
0.3440937886112092
0.46077763614574574
0.03258194981835691
0.38403007190271815
0.012271264329712477
0.6414799896446207
0.15903496362774652
0.3225232717480199
0.32187399012668594
0.03751857624501301
0.022087619870327948
0.10036897483207731
0.008019807906200794
0.764855521631387
0.8378913505884868
0.02412514981295426
0.04274747525827624
0.2788993014379009
0.8386618783437363
0.5824767319350255
0.5066652643916217
0.3393844844268965
0.5097467802914044
0.02389670901713583
0.7705419069807434
0.6093684729529486
0.7332707241868127
0.09509662019709725
0.014604907094484091
0.04832477915121745
0.1289777838626632
0.016729061581873855
0.005642786931748749
0.0005301776553685322
0.4495333451051939
0.5204338073207643
0.0
0.05204913643397015
0.1800231007756083
0.02792645903377494
0.5472442418127147
0.39163717225197
0.6099230084771448
0.04358457294558894
0.5189157543634537
0.007069986768649732
0.5322030765784855
0.030451441948933334
0.038375314379913796
0.014160772996765972
0.7596428225869443
0.03164693238721775
0.052632738055335
0.0070839407247029924
0.022917746351930654
0.4251502805203498
0.31072490311739465
0.49058883848136753
0.17742166959815756
0.4352845866331653
0.2994225790758877
0.5554809526258655
0.33471027439331225
0.3610836034581766
0.48584180715501213
0.7294783763091213
0.027771774396526536
0.7819695208843618
0.5415433699019551
0.568676826238301
0.6911691408634375
0.4322186957701311
0.8302886306884649
0.012369258437965555
0.4482115020745265
0.46305993436101606
0.4952762430583621
0.2996141721256107
0.03554746720217121
0.5395717574010452
0.03842190940631012
0.18520295275819829
0.2553763134706121
0.06253712456655537
0.570179033395501
0.5028642830417104
0.029964520936591278
0.8020993591752251
0.028532168727964588
0.004840248032248376
1.0
0.0969628190052995
0.7638927881903739
0.07400649268374719
0.8058532608017895
0.16502727433742548
0.07456593286625438
0.032575509654907055
0.20620663688826693
0.022513229123017967
0.06674274892523856
0.34836975243649154
0.49329172322303255
0.5208989744056988
0.5098465180339165
0.5805969285376597
0.5512370552599123
0.02697322474590078
0.019614028285011336
0.6566402685632772
0.5302985150472599
0.10631161306987802
0.3140112298489971
0.3032757246625526
0.044447347605516704
0.21378866237607647
0.02358958711672595
0.3010176442876651
0.09725723739568223
0.16599339293736817
0.5907349392254851
0.2541352724278241
1.0
0.4650573351998302
0.479345368862689
0.07273599986063652
0.11847362185190863
0.8507311395535632
0.03659734171032456
0.026808907666308255
0.5934022857739698
0.21281676187656562
0.9005604659436482
0.2994225790758877
0.1195954014455225
0.12988719228155923
0.03258263473682846
0.7715869944860521
0.38680902733328054
0.3606579752144814
0.12869594000247506
0.021904919825390987
0.01045815105221439
0.34624904050391275
0.05703962281068203
0.6013686425348033
0.4058298635939398
0.11098561063140834
0.6170813655139779
0.021343503307851244
0.45682184149395455
0.005650666829917374
0.0
0.6211907822789863
0.6389929837919675
0.30749919985416263
0.2474588890753187
0.19772178886666364
0.6104589985199139
0.8205410727321855
0.34399107026036896
0.19373364299365023
0.03255967896968956
0.015076285716580269
0.3463012669813165
0.01615263905876259
0.42623340809387983
0.025409400832687664
0.029115233420170146
0.00470535748934261
0.09634490418945556
0.3995743860471574
0.7780352951072526
0.04351627624353276
0.03021946054695164
0.010514352728144343
0.004461981759106131
0.07928160664761001
0.67561715120095
0.030103905366686716
0.28045648826270814
0.22419867426064055
0.4921640737058774
0.13177560579636555
0.4131546006104463
0.4012769811493461
0.2407689100987401
0.6462609178906228
0.3647012834003082
0.357399846514156
0.03135839816084094
0.04810229626626097
0.01612500849024643
0.10959650277529963
0.006604349988280633
0.4934670710633716
0.26442318777099255
0.5686217436123254
0.2754491282619372
0.1820052178677596
0.011252904550659549
0.0010654972309668595
0.5749017036761287
0.014281186932527078
0.48642085215667474
0.8046285581363871
0.6553587159209352
0.3814625301809652
0.04937281342535675
0.23011138433443495
0.6719658301418808
0.6978321871758998
0.02170335754895726
0.5351057041208075
0.593056397152888
0.5926174011000451
0.10387977394186948
0.29793400937958125
0.003751606909921396
0.4817244574410295
0.31044728446997366
0.1710950018158776
0.4796385785671943
0.49783485279231204
0.5733487444924104
0.5009552435316653
0.08275129710908637
0.3071641031721683
0.04297319021881625
0.12130898306379745
0.4360463147946903
0.5689372924863048
0.013278595243598205
0.3123132281010491
0.20946963671467306
0.2538518014557608
0.007233774344947092
0.0006431744555866418
0.24122453199553145
0.6515859071134418
0.40490740008791504
0.7232709930757898
0.010464293845673408
0.26833060454203717
0.3038170118863214
0.017966388867150844
0.03157248072716556
0.635350454976034
0.5415913059084599
1.0
0.22127876790453757
0.19022737809650245
0.7745197381914797
0.05849289295881074
0.6021980838391887
0.2902721919531901
0.261015700931181
0.6336013532439124
0.07774576431705248
0.6984737753608925
0.20403801484503262
0.03807504601211085
0.2698876995685296
0.00503326184381258
0.261015700931181
0.004878016732139665
0.00935865503970002
0.45411567260634556
0.261015700931181
0.01593921237555454
0.016065844234659083
0.03420805759608907
0.13298998215190203
0.016228290483467588
0.0
0.015038822484426352
0.02408120789015396
0.06497092979442744
0.011721159139407489
0.002906884103799735
0.04476399434450123
0.4327033204326656
0.0
0.5963175277344023
0.24308497078088193
0.022649472360794388
0.23463540915529504
0.016650054925379913
0.8656918651093556
0.44886722363429415
0.019477039303904774
0.29957298323094356
0.48821254985947343
0.11915928932374915
0.008126656876268968
0.6541935275015269
0.4169760118473826
0.06257981020572081
0.30236928375991107
0.41397839883329685
0.28786338929953953
0.02412712228947487
0.056446232138348776
0.7083770346960283
0.06624661073449212
0.2325123884988369
0.5555001008355618
0.07527183252563986
0.07865320090021305
0.6857756736945522
0.8657378405793655
0.08684208858827244
0.07325186046137096
0.08067791430018299
0.18767894886790784
0.0020467868011287216
0.8266319440868853
0.012910730565931299
0.29044907523401775
0.02185269909394682
0.20202467346260214
0.34340784946811465
0.37840214320721643
0.0022789234391934455
0.6889897844798026
0.40180801150368095
0.12717321494320155
0.3570542170147054
0.08182422316525885
0.14571723747660528
0.17764383659048252
0.21603780190527538
0.790880108917765
0.6506306764458627
0.24279338087643623
0.41611938030696594
0.4285953431006972
0.49342854179195356
0.020663376337041184
0.2079181967803434
0.004230361336235398
0.2861082943605581
0.23166328162990332
0.8140014861584117
0.0006026467061055158
0.0008039874708445139
0.011615827858951044
0.0037595100432366952
0.010212678955279669
0.010003263272073123
0.0038681716316924164
0.022891185622170143
0.048519135421540564
0.01717641518203596
0.04357477787819611
0.39089180266801654
0.03900031014005494
0.03625367181913419
0.3617699341223012
0.13704907320973383
0.13704907320973383
0.03852747686863152
0.15093240366373234
0.029801905669233145
0.020941515646985993
0.25706150790131493
0.015022855365596496
0.13491071725403408
0.012036770121931226
0.2272924909053779
0.039400657287169044
0.012914525353096824
0.09010863673871415
0.7404759833754474
0.7998604762875717
0.007954259748249759
0.1853353362709192
0.1381586370672835
0.03474415033068371
0.005246241094646473
0.05249764713010656
0.09436342920110292
0.021148490399113574
0.008059031634759326
0.0728791582295198
0.015377926805480911
0.012252377058716624
0.26489895232075394
0.025569194214870535
0.028098643614856367
0.13068685545248043
0.009567129182896929
0.20822730853258226
0.024140699583824178
0.00491665139117535
0.017065105187081053
0.020155216248352936
0.022695323387829567
0.024998089983521998
0.006582262885584393
0.03733926939599548
0.20809971364595434
0.02131078367828977
0.09653662969115867
0.016617501295280664
0.6115229511854675
0.3496096303627334
0.06446649282156827
0.19613658831663097
0.009529996559655354
0.8247644409035298
0.0630740131238659
0.06061317074241324
0.08595066065779587
0.017423430372640738
0.4225030662685063
0.03049270559704321
0.737080973927635
0.04353839811808194
0.002328322719531981
0.3741903546412181
0.3768610876865835
0.009512340631752695
0.02636534229801839
0.2501999056444798
0.5751355907071065
0.7128579162762574
0.05112320717216313
0.7810083738193172
0.20887687593577728
0.26952191194869635
0.029044550942182026
0.5407900739915991
0.027529354979839014
0.10050295730790273
0.03221940666207226
0.14067037549580996
0.3882232149657863
0.045507696300889085
0.035074115572271504
0.7821147687054703
0.33784961338280445
0.0037342695594328686
0.18942430546581115
0.28511574850725
0.09553040367556781
0.01956674123828048
0.025075764828683813
0.16492067961731086
0.11524881408009184
0.628898312271663
0.03680013818295169
0.4532878812365962
0.44739094687429526
0.605719640872571
0.034959785717124645
0.005251100068759632
0.13778410385479756
0.04936333821085178
0.5533980528193274
0.5720456578082203
0.03879901482005777
0.6234077213221215
0.8549649074071924
0.09445275477126798
0.21997305432338266
0.0012309998756428247
0.0944386504442167
0.018297976841442094
0.05364530962089995
0.04027045532254949
0.3582444048231731
0.1710377716257054
0.23760963609220834
0.1077986141552299
0.06370257754162766
0.008513582664205994
0.024666065032846966
0.7782721065068505
0.018707989373544114
0.4158567391343385
0.4644494227924964
0.11034865527042169
0.06117752096091406
1.0
0.03883473616766941
0.3366915908549694
0.2760048096828864
0.060598897716185984
0.005031382091654011
0.005100667293574601
0.033010198696749
0.2925333091113093
0.006216784472224537
0.09253903613415357
0.012957031612881332
0.03683195609573685
0.7041213999661643
0.07283009697968472
0.05778066496268215
0.014975140449971332
0.2673867260938419
0.09554747859913877
0.4316388867271116
0.24942037772676107
0.014499323162477153
0.09801390200688903
0.11111558819058619
0.08045236383528248
0.09885838226831287
0.05009550487958949
0.16785960655553717
0.022729358490649436
0.019103253531852316
0.03598895740232666
0.19082390451217582
0.0025368638855292076
0.009097418934731445
0.01536562810851414
0.49041899359480845
0.022225482252644778
0.14916108537416004
0.19594610977446253
0.013233342596722378
0.028330877673505124
0.3561668620181656
0.16674423430771262
0.06236043793649016
0.005647250626932949
0.03809246796451605
0.0038839240296977243
0.05387972063044359
0.1485195006809219
0.027611070651214337
0.010416540796847944
0.016363338040141524
0.01624663777828785
0.17120989565027933
0.025713758603716122
0.012918534844550853
0.08966996737864148
0.017915848236846884
0.017484094619137157
0.04119279134268159
0.283759613098027
0.027566274918593495
0.1966116819464897
0.011318601887666141
0.004635255061289708
0.2597692588890719
0.05481481452870176
0.13814641305403227
0.4651368483012465
0.018177727451991692
0.2420918404061357
0.004562956744963486
0.4858325465099193
0.008974015160082076
0.02223074286314443
0.03751104406294376
0.0037070785730191924
0.06959410216871155
0.005975538242759769
0.00441133616721418
0.11554304704219863
0.005644031347160298
0.3162259072973787
0.04125318719743153
0.2893600563476602
0.00452078517657667
0.40692172098753143
0.648592211142658
0.7810016930161425
0.47596193893252475
0.47859383477692696
0.12080951939105522
0.3022159278438006
0.41791757611365793
0.3710164485735803
0.3923541992120644
0.8232374687498455
0.5024936081763655
0.18848831637612753
0.06150612160457089
0.21138208508353865
0.20966930093863037
0.033226997387824246
0.17987233819593357
0.02317933557922883
0.8553200928877003
0.4877930882913474
0.0885404435049415
0.2914172690093964
0.026025106612278345
0.1794995429916654
0.12252008362364177
0.03490728705103318
0.01118877582059763
0.14753500817951165
0.06764444106779448
0.2902843290269729
0.6664440881798096
0.13241975705723058
0.010891466753754206
0.5623634364374394
0.39793462446515754
0.009519203295955058
0.039244720129210146
0.37925347869448867
0.024973028913126537
0.21057013515866935
0.28965552107794534
0.01218719603252077
0.3549973868969463
0.05159416948893213
0.4363215143623124
0.0912135916034766
0.6764948402034742
0.0112888994898678
0.2764325569669596
0.38084034293830576
0.08337657575111157
0.5821119144780573
0.4198659098477435
0.299451181550496
0.31922618761415666
0.8869088095540693
0.6844675298894642
0.18135573866213528
0.25616310281013105
0.2100588674666955
0.3534389666820281
0.5685463329359042
0.7863064003046829
0.01667970372376716
0.22318356453442592
0.018897783880771468
0.012440442164013073
0.21600932733736028
0.36583218456083133
0.009880762000143792
0.30606011330618177
0.4139276799447888
0.3630961597564416
0.2132548205496345
0.10662436439762082
0.034376603542280115
0.30710157346924244
0.13074827563801586
0.42806827749209353
0.12901304348549472
0.06966787072579009
0.22766792666144156
0.08154015484846822
0.12260445887884246
0.01706682007871465
0.5454523178811258
