0.1098961625879788
0.38160177321098093
0.7276895405426339
0.07331289713689376
0.696916783092493
0.626721487209034
0.6894429766507277
0.04541490703106976
0.2717114230655554
0.6541442274128002
0.3779380348880357
0.16748056865308658
0.029889638643285518
0.21938684412612844
1.0
0.12544052680432463
0.40870063299763054
0.023865553213944332
0.09433359789035488
0.17230652452069256
1.0
0.09027651109703488
0.02425904448355781
0.5166218081558889
0.772591953486709
0.010867825665181883
0.772178270552636
0.1809948346398549
0.6452610446272905
0.2949258106236655
0.443747591973299
0.47386056026229884
0.002386625149194877
0.031586377432519706
1.0
0.005104564299526159
0.4966377279183675
0.28057138523658065
0.004739702750778388
0.3816234310467784
0.2505364754392693
0.0
0.3256637510237015
1.0
0.7156365371963985
0.3724597946053552
0.797190447356692
1.0
0.19562658831169508
0.032975977701522635
0.7103012394483285
0.7520947707825191
0.19590907797889615
0.014515279723669625
0.029081172786363803
0.17321642361409895
0.3126226569259688
0.362735276879452
0.3166585469004036
0.41904031884640486
0.5251343387449133
0.35338186569160324
0.8671489927482863
0.1005051257685982
0.12255502997039827
0.023728572093482406
0.021155649956294646
0.7076074841948437
0.02733661600973963
0.011644141381090795
1.0
0.5836602743154434
0.030435790414335473
0.27284513177565084
0.24250404464502345
0.5623204443756804
0.013898936499123476
0.3323827668265444
0.3688303381060545
0.13268687208127766
0.004702398546269749
0.7947720002747718
0.21397337230914132
0.20505758425462886
0.02075185196544307
0.14187487946005348
0.5768036728834972
0.5183480931014448
0.19154237932558432
0.032272096514516596
0.4316857111151365
0.02053258759192296
0.06988328252960335
0.03112203247414669
0.6732407990462265
0.3819756629577178
0.07154137613505049
0.24318271513583162
0.18071581576090218
0.032257197820400804
0.6801987738245873
0.5019534864442387
0.57567784228945
0.6541442274128002
0.26643456842856655
0.17903226057166644
0.07953097561722212
0.49138946737511885
0.37349368639488045
0.30615574293231745
0.40167148757105636
0.07998729752036579
0.4028868150066528
0.2880769897220307
0.5488332013245102
0.3964153649073784
1.0
0.0566378239950451
0.4800238840740981
0.05845436089989541
0.6333536890542967
0.5999619733051159
0.25542104014502875
0.3401929653360212
0.5120451785318038
0.02954774823012565
0.3521063497083215
0.012397464214015623
0.6432497837602361
0.16020596182543614
0.3299045577762935
0.29220729268776463
0.03891358456842874
0.02174597685663426
0.09752844686551954
0.009253624507154763
0.7380659107801686
0.8584813006722786
0.027836711322639533
0.04895078308714165
0.2720466220431073
0.8436487222312843
0.6177910737531754
0.5099206420313639
0.3541725287514108
0.5216729825240356
0.02689290580678697
0.7850004666820716
0.6040312802279278
0.7272985142626507
0.09015958689518654
0.015647753825423945
0.04600969670253036
0.13426261186111035
0.017654766537070904
0.006510907998171634
0.0006117434485021525
0.41673124302660036
0.5087038424419703
0.0
0.05032175288554385
0.1781074896289216
0.03222283734666339
0.5801784518944187
0.36818824708405634
0.6371570139449365
0.04748495681862346
0.558835837451524
0.00815767704074969
0.5628368294286827
0.035136279171846155
0.031375104150234305
0.011645148297831224
0.7524341767772007
0.03025862134729134
0.053074542914015706
0.007421878193806274
0.0241963326921513
0.43185389806301383
0.3144275661878218
0.48058451987184997
0.17913969661566517
0.45468072066390464
0.31476670033318765
0.5718259708145367
0.336611791169948
0.373053146950059
0.4760326271512754
0.7395046593115219
0.025653652373223132
0.766456192488274
0.5307784851433619
0.5644975647213654
0.714246256402397
0.4456074931427071
0.8378063172740651
0.014272221274575642
0.4312572311158173
0.4828471459021857
0.5038575957492377
0.2975734848192769
0.04055879694244086
0.5378711295772489
0.04008264695810932
0.1642508972999333
0.2667326477488638
0.07215822065371773
0.5654805611114935
0.5573471998883816
0.032933238822336536
0.8092423141712716
0.02543965217985737
0.005584901575671203
1.0
0.1056893799362081
0.75133372546298
0.07527529069674038
0.8292190991461367
0.14489929245236838
0.08603761484567812
0.033123137216422634
0.2260338537303449
0.0259768028342515
0.0651776972097101
0.3315806484219973
0.4952880096647031
0.5338041869377649
0.5284179739828242
0.5596363351167649
0.546173901403195
0.024669395837507567
0.022382707475671906
0.6677579290000277
0.5239452190320667
0.11489080671399766
0.32179725288886324
0.3091633694551141
0.0512854010832885
0.21203324530898268
0.0205440732915011
0.2962611027581223
0.07776950121519334
0.17254440319429482
0.5788602551427502
0.2932330066474893
1.0
0.46112502915555237
0.4658763465274386
0.07997888000703027
0.13045112147588947
0.8453320676903094
0.03993907482173386
0.030933354999586445
0.5598313027452428
0.18252513355398398
0.8852620760888249
0.31476670033318765
0.1279246735441826
0.11560401129456911
0.03415156444486968
0.7851082741734541
0.4090231476841988
0.3541354213571456
0.14307467788676906
0.01408514575280133
0.01054635689437999
0.36907694712352546
0.060592001584492454
0.5973196108658365
0.3379359153530904
0.10992076709114632
0.7085812079775172
0.024627119201366822
0.4822027318374294
0.006520000188366201
0.0
0.642293927298511
0.6298697176284654
0.3340417118351179
0.23017221433394158
0.1997395601646984
0.5983969379760515
0.8205615130676824
0.3361866984103755
0.2136865716937992
0.032211017238320136
0.016383272063962537
0.34098717756183705
0.018637660452418374
0.453419362569206
0.02741856274931812
0.03286216507312428
0.0054292586415491655
0.1012663444105689
0.39598397745300773
0.8146011260163164
0.04918337955151365
0.03486860832340574
0.010792729355176873
0.005148440491276305
0.08434482286124606
0.7117811188887806
0.030581956640076107
0.2517374790200256
0.19410167318765062
0.5273303496264734
0.12976290275323513
0.42977237451164285
0.37739437761747874
0.21514611081921237
0.6565656934817186
0.37668451374005485
0.33101621538882964
0.033542274122025616
0.049136205456564136
0.01860577902720742
0.11018666429720766
0.006984335443184123
0.5006310518442456
0.24647187858210556
0.5731286142950743
0.2526807669813313
0.19649958841700108
0.010510685354096005
0.001229419881884838
0.5569993608118092
0.01252837379828427
0.4910595254839617
0.7863683510000118
0.6480069163370691
0.38701136632311023
0.050245168630911705
0.24413453514822753
0.697810902072457
0.7142787617746087
0.022260864683038242
0.5679745067865903
0.5929565581832816
0.5991285851681977
0.10492950692037438
0.3164046648333357
0.004328777203755457
0.4770740905923238
0.2689709576440611
0.1638332312701352
0.4696982104571571
0.4899824874085797
0.5790116152241487
0.49327938783486525
0.05569532883597665
0.35442011904480963
0.04625533697963327
0.1399719035351509
0.4587357283022181
0.5716161846782742
0.015321456050305621
0.36036141703967206
0.2334693419854539
0.2424765777864659
0.00715106606687261
0.0007421243718307406
0.20099269334957764
0.6843396010303368
0.3940009460998622
0.7678146724294778
0.01207418520654624
0.26882883031151744
0.30852902909380575
0.013275591655842887
0.0364297854544218
0.6023788070146914
0.5736815788796733
1.0
0.22340119627192517
0.18568503155633997
0.7863802171995622
0.059455880226984455
0.5804231464319574
0.2897937798889851
0.253691066163536
0.6737790705237716
0.07370611176431273
0.7198801647401241
0.20766771044465301
0.03985227618749752
0.27632919464776695
0.005807609819783746
0.253691066163536
0.005628480844776536
0.010798448122730793
0.4822231169802395
0.253691066163536
0.01636043391331126
0.018537512578452788
0.03947083568779508
0.14103359863235163
0.01669789522775885
0.0
0.01735248748203041
0.02469675997481243
0.06377183568148362
0.011489718839739111
0.00305049721063038
0.05070803040187491
0.4546952641372376
0.0
0.6336416237020986
0.246350621778201
0.026134006570147368
0.24627341216978987
0.016237253560113664
0.8658209897228544
0.4828461897079934
0.019440282713281593
0.3161420517002324
0.5475611758355644
0.11307079035910335
0.0031646231149428643
0.6572283690795183
0.37018921913365566
0.06383404185128809
0.3364313251543055
0.3963268956583106
0.29280598283196707
0.027227477195032213
0.04874132744224813
0.7152336253465272
0.06704791990281783
0.24613326357183776
0.5814738184522017
0.07010701391173067
0.07084405284367577
0.6982485955837673
0.8624250117518153
0.0872283564344326
0.07252242714350901
0.07873023480455763
0.1785999964414784
0.002361677078225448
0.8544959939476069
0.014896996806843806
0.33123070732262544
0.021657227591817794
0.21225049418772637
0.37274212117011046
0.4092584489840017
0.0019006865780562278
0.6934790834483093
0.3883834886620052
0.11782540948122684
0.36055987274433227
0.09441256519068329
0.1658513765825747
0.1785495668126456
0.22682424879724616
0.7929332813283743
0.6580659977639466
0.21580762818903093
0.38280884286159567
0.4933308665713226
0.4608068752930932
0.021706994104400332
0.220062255089666
0.00488118615719469
0.29579969093723557
0.23198466798382664
0.796223485675298
0.0006953615839679028
0.0009276778509744392
0.013402878298789667
0.00372649455339733
0.011783860333015003
0.011542226852392064
0.004463274959645096
0.025935573209972803
0.04476508600909287
0.01591380022799808
0.04125098965866535
0.38627465532171656
0.04287450900714061
0.04043419916668971
0.3655505187564044
0.14682593658854096
0.14682593658854096
0.04042900040054252
0.1691384095438514
0.03438681423373055
0.021735769162626484
0.25656548936239154
0.01733406388338057
0.1276033700190937
0.012085954147408142
0.22893263911536482
0.04172134086760422
0.014063422277355336
0.0906430120922499
0.7762522903800076
0.8093525403186829
0.00917799201721126
0.19325885912185406
0.13716403770764035
0.038347824591083816
0.006053355109207469
0.05751309538093792
0.10665095871591301
0.022857059721935483
0.007266240001182035
0.07478670663124545
0.01612004338609827
0.010611955150474587
0.26374932527417944
0.026028694669108957
0.0253653711751021
0.12177859468159108
0.010682066241797869
0.21137599722068023
0.025850317784739316
0.003911311967638058
0.015829736445254605
0.02176134452456642
0.023262318692466342
0.024853657518218813
0.005135660914667243
0.03691009136299938
0.21776668879826738
0.02044710720001935
0.09599631842436189
0.012185963877659191
0.6265348619163851
0.36529552262200604
0.07344402397324766
0.20064062291348916
0.010996149876525408
0.8870981196034697
0.059946239491549265
0.06416004209404957
0.08999144603391389
0.020103958122277776
0.3875783633633593
0.03010682351802744
0.7601198593536813
0.049337941564429895
0.0
0.3727571248051464
0.3649325920635864
0.010975777652022341
0.024874853045135828
0.22633432110584062
0.555947559237229
0.7198284909796965
0.038277852531811124
0.8191681234241608
0.1985121407860685
0.2681544309666832
0.03351294339482542
0.5468346331869999
0.026972614039641706
0.09002565069095507
0.030671277175177487
0.1495900384696946
0.40579353404682617
0.051915332373577754
0.025143833443420836
0.7966615425033379
0.3338815592340453
0.004308772568576387
0.21612860539961584
0.3045435526455797
0.08717642952941441
0.02096043856723769
0.028234559751086477
0.17946067394397588
0.1271357224295531
0.6339064174095437
0.0424616979034058
0.4664241492102574
0.4311030505815261
0.6344288751425802
0.040338214288989975
0.006058961617799576
0.1492545227767412
0.049899680432025834
0.5595071105088454
0.6094260591019774
0.04423423324212038
0.636827260662392
0.8733898133110443
0.10898394781300152
0.22530655497125096
0.001420384471895567
0.09264736115392412
0.02029016482691069
0.057800580444907615
0.03744065530711497
0.408083797686064
0.16769367525630202
0.24939806355213534
0.10956802512492818
0.05171020061670452
0.009823364612545378
0.020422477000418417
0.7849795465161264
0.021586141584858592
0.4005295472271509
0.4797283398454711
0.10280308259555347
0.06210117186300887
1.0
0.026833387674732083
0.3589038283659302
0.2563627513982799
0.05941958478789015
0.002374423991332666
0.005885385338739924
0.03343579926531021
0.28419203348388056
0.005490324657146848
0.09831802190784088
0.014950421091786152
0.034897027501544144
0.6947104062775632
0.07885957219406382
0.0525615792103768
0.014190491961967673
0.27822640432577483
0.09218274382012422
0.4237580246812327
0.23914415237191225
0.016729988264396714
0.07550888241062634
0.08273883033366981
0.07988415767828644
0.10509289647365826
0.04638914887973673
0.16787146811838555
0.023312628294772406
0.0200100274263398
0.036699282562112405
0.20843916823691058
0.002927150637149086
0.00543982761906296
0.017073068531403106
0.5658680695324713
0.025004437108675868
0.15890342298632068
0.18333263238063913
0.013435806936935425
0.03268947423865976
0.38500671720287166
0.13045175783119756
0.06259327076286277
0.0065160584156918645
0.039863909432075156
0.003328266969144225
0.05682618569234633
0.15722644833182128
0.02935366967741952
0.01201908553482455
0.015476160426155357
0.016287845963061084
0.16757829657556148
0.02310556028480618
0.01401466874085187
0.09491334352727214
0.020672132580977172
0.020173955329773643
0.04040935123408253
0.3199518835932503
0.027586839549233855
0.19574821166590675
0.010727006762786151
0.005348371224565047
0.27542328040200903
0.05386511379634028
0.1432069303055474
0.45456129609385615
0.012829952446291424
0.27837398479534553
0.0052649500903424835
0.47793547150577176
0.010354632877017779
0.02357326463871815
0.031941217712536114
0.004277398353483683
0.06346398034285872
0.006894851818568964
0.005090003269862516
0.12737868906926555
0.005959430576473325
0.3320521339763499
0.03592801485739361
0.277969747898683
0.005216290588357696
0.3907136131162039
0.6428475323226055
0.7945325399033881
0.46712493890171647
0.4850597417516459
0.13542468598915064
0.3117842582104047
0.41110362371242615
0.3813024124316277
0.37950293009968783
0.8463332328022616
0.5253963935719567
0.13921538580456924
0.06346272006078241
0.20052031408594334
0.20480178377353814
0.03833884313979721
0.1873307531161513
0.026233566222818413
0.8909294510797239
0.4837285709170996
0.0850356236406736
0.2966946350706962
0.02474338512281614
0.20711485729807547
0.14136932725804818
0.03429878076738245
0.01126018794375395
0.13506978046367984
0.07805127815514747
0.3322775045878255
0.6676131538432255
0.14441515605312027
0.012062901282576236
0.5612850611975985
0.3890460270691538
0.010983696110717374
0.044615182430153465
0.3743900755560702
0.02770962662144436
0.19948416731555205
0.28738229139100296
0.014062149268293196
0.4050784914754591
0.05429491622762976
0.46980939388666015
0.1052464518501653
0.7003603292817733
0.013025653257539769
0.2812930908671675
0.359428171876802
0.08480838730278178
0.5705105497813489
0.4653554675370482
0.3116741928153954
0.3229104768217065
0.8984956014954233
0.7075698482979532
0.18777134312384142
0.22624187278534397
0.21284424102438154
0.38488986792243307
0.6459390734911253
0.8379813609735451
0.01755361011995133
0.22593490637430536
0.018352565385466996
0.013065475051128565
0.19303128653266363
0.34725586152786314
0.010692580203785265
0.2940491656655426
0.3974782770451183
0.32240035831790376
0.20985013014700662
0.11309982519914945
0.03966531177955398
0.2679332250273587
0.12572439570857274
0.3863091805996997
0.11873900894798727
0.03934911911319176
0.2165207381619236
0.09408479405592486
0.12552430594322123
0.019105833135992362
0.52118912297502
