0.5312122586875409
0.704115050657416
0.9808989631840582
0.1702365513245182
0.9235608487373306
1.0000000000000002
0.8226773282228105
0.3414886347771169
0.3815348669625295
0.9825563845630719
0.7684137178102891
0.4788743822080605
0.04755082467587078
0.31891421069217385
1.0000000000000002
0.2931296388476335
0.9646688496393251
0.10636740012515926
0.8999764061696087
0.299023139037248
1.0000000000000002
0.14904233259621535
0.11120337058614395
0.9359790597769841
1.0
0.059696392849508034
0.8997700238335586
0.5851479803519485
0.8521801004406606
0.608113436106788
1.0
0.9781141262432003
0.014388476899146109
0.3837849974015113
1.0000000000000002
0.01974144628353202
0.8572976296948717
0.5277281261817917
0.029991692858971405
1.0
0.5221365845110113
0.0
0.8681525706768068
1.0000000000000002
1.0
0.657958877936198
0.8948929372770213
1.0000000000000004
0.4382636456731922
0.15183433718395573
1.0
1.0
0.37069099904775893
0.07929202127200825
0.11903666592828138
0.34268450432741404
0.4742065601951729
0.9815469314579677
0.6442646716600856
0.631271977998571
0.8545811851646615
0.697183508921298
1.0
0.5354726228054969
0.23560719434535304
0.18311930762361797
0.10212507848854471
0.9311507445945767
0.0501050850883194
0.0327465982121596
1.0000000000000002
0.8159459394825015
0.05858482881214974
0.6550465343752351
0.5273557509409239
0.7661084962159456
0.039146922990617825
0.8581407252325293
0.6133009076432787
0.3561288100062338
0.04885748148799953
1.0
0.5165987444992735
0.26626010012391904
0.09560624149175728
0.6930231700520798
0.822414514725915
0.645525168649441
0.2923780549937638
0.09493088974167
0.6567872654472628
0.047547806037087095
0.25737647681403164
0.307759622630655
0.9336137890818582
0.5385255647043861
0.10498116388139432
0.5733792764590124
0.4489557833131091
0.04790540768982686
0.901429216474666
0.7259448049729778
0.7771091434372058
0.9825563845630719
0.8088487131989094
0.375149023257203
0.17481495675230813
0.959355865533286
0.882581169025176
1.0
0.6030221687696686
0.3300734294587264
0.6155241005397616
0.36206828658131257
0.7465439718839613
0.544231624929239
1.0000000000000002
0.9654701984422219
0.8415826682648984
0.7599066916986403
0.8750259516567738
0.7461375044510155
0.46395991650126933
0.7124842046610338
0.9040353604126927
0.12390444686768039
0.7395387030960381
0.05880107867490504
1.0000000000000002
0.2229525300676443
0.5526037468588958
0.7508085586121899
0.07593164652681332
0.04629519656011652
0.26073161212917356
0.03904045941499158
1.0000000000000002
1.0
0.09808867392614373
0.21340651209431627
0.5790653986930319
1.0000000000000002
0.8462026921137028
0.710679071333237
0.6862815760797453
0.8198358171081901
0.08656718787190443
0.9671406021779146
0.7870991186762428
0.881153150459087
0.3317301999520481
0.10609111896907043
0.12138054682928621
0.3021548556722438
0.1566646834097163
0.058689544980383715
0.007952664830527983
0.9590927351837573
0.7758535606234882
0.0
0.2030701215005894
0.26817684923546514
0.12680738691661048
0.9033265752338822
0.7491251389479812
1.0
0.2443919143253599
0.8826233177571071
0.08620906721841395
0.7941671647990043
0.22342761904900377
0.19000677887538914
0.049806608077330644
0.9092718093989274
0.15492462788641875
0.1330109403191202
0.13625030492067003
0.06507502595434735
1.0
0.7884276160986421
0.7036120528753447
0.28726058455292725
0.6399497007120978
0.5934722115831061
0.9240058070251626
0.42716103736474476
0.6254557098129652
0.9428959693385146
0.8688762604895691
0.07223846576412857
0.9877837320327401
0.773709459577617
0.8037935928116609
0.8990777602438828
0.9004244580673435
1.0
0.07742801169962245
0.8907080968856387
0.872523297684303
1.0
0.428697133506835
0.09617252146828739
0.8740844634724277
0.0665088144403145
1.0
0.5685534926294369
0.4099463220026877
0.7567030053831749
0.7552425536475573
0.16575410193367213
1.0
0.06712245492501476
0.06027896291707665
1.0000000000000004
0.16682913616516226
0.9788184408585507
0.31705989669385837
1.0000000000000002
0.4247131479176245
0.3109447002520792
0.12833509389286382
0.3835601047421888
0.12615102410706555
0.23234469844816225
0.5742863043899566
1.0
0.7351731409236261
0.7389793643858087
1.0
0.6555826281538114
0.0644146202673967
0.0989875417175598
0.78676160159217
0.892240924197821
0.17151765525289875
0.4684681929418998
0.4827155601430575
0.20737099087647187
0.9058182791941494
0.08936281129299925
0.9635766018773382
0.7722456775936904
0.5238988590821034
0.8380950992457976
0.914347140155957
1.0000000000000004
0.5985841993192696
0.9656877169905941
0.14012496323221388
0.3100536727261757
1.0
0.3228446830157913
0.09587661544327933
0.8905324743238865
1.0
1.0000000000000002
0.5934722115831061
0.23674720257619156
1.0
0.2865464136013859
0.8743684271628237
0.9336938842754459
0.6511962678397087
0.37375390091245925
0.14546690259444747
0.251906009868921
0.8125992247697905
0.619407201552475
0.7539201366219429
0.9830411993137461
0.25229087591001903
1.0
0.061160315451014975
0.8018646367743817
0.07425440318241898
0.0
1.0
1.0
0.5623444552202557
0.5864477013457409
0.27334270732302424
0.7780952534875571
0.9701121799166312
0.5470549555808822
0.6352242468133575
0.05941458190713712
0.061451970145041376
0.5073871534087147
0.04917542783976003
1.0
0.05566980224418562
0.08527597187160353
0.029806122672922576
0.18249490906684937
0.6092276604258212
1.0000000000000002
0.2620247224598248
0.10426738040715167
0.04150395965470377
0.11059871594820889
0.15060843872405957
0.9456062235785292
0.1092663757903758
1.0
1.0
0.9836444180744679
0.2402608666616286
0.6750682857811278
0.7868160682008252
0.5038615156157995
1.0
0.6157812271455244
0.7696574878634433
0.08012566344406748
0.12671229038618875
0.07176810032616907
0.26277457762117545
0.029529237799597485
0.7403725987030317
1.0
0.9247383135187945
1.0
0.29970906796514113
0.02926796534660702
0.015982458464502892
0.9310338014687721
0.05336324682655799
0.8633835840044839
1.0000000000000002
0.9214714161796573
0.6496986808257581
0.10859881455714832
0.4224027493805656
0.8344733296538915
0.945758641461417
0.06110604167045028
0.9015973455012926
0.9472114817778429
0.7841826439084318
0.16267840703177866
0.7031036067748753
0.024301115084414213
0.6680682104256824
0.7464303510425084
0.3774999444185694
0.603806136640856
0.6883474998288976
0.7720662269097327
0.6902993298094522
0.5172301817685988
0.5697556210492177
0.18637697042573514
0.48917882137258273
0.7757899977245193
0.8344457212330139
0.19917892865397308
0.7724942738320801
0.6575786004366575
0.6476297374653709
0.049206194167760765
0.009647616833799628
0.9502948258716005
1.0
0.7404719801432369
1.0
0.06214921370633218
0.28822353694350705
0.564331290758636
0.0969131414813051
0.24256007774531302
1.0000000000000002
0.7389520787630217
1.0000000000000002
0.33116838033783635
0.3441466195557401
0.9341075936735388
0.11511287966838349
0.8900693418124823
0.42908545203227555
0.6895505009043951
0.9353867728094244
0.2376652840874497
1.0000000000000002
0.34399708880197616
0.09640904503368167
0.4021164506203355
0.0754989276571887
0.6895505009043951
0.021178345434246147
0.06088264830158121
0.9015973455012926
0.6895505009043951
0.03957045114993002
0.06738795348482918
0.0970225128904804
0.350410418801677
0.025865161420457312
0.0
0.060441795511040605
0.03114403219833867
0.11607825512566734
0.03768030617559437
0.03053904861621394
0.121497347612773
0.9621520006650706
0.0
1.0
0.6102637413086436
0.11380486452640215
0.7199282784147933
0.04562350524965777
1.0
1.0
0.15736091897411103
0.8146346924989258
0.7984068398585265
0.24823975064947568
0.06282411772118174
1.0000000000000002
0.9613088173911098
0.09927790952340232
1.0
0.555279062058575
0.8415812273261357
0.23912565721084686
0.1883775735961492
0.8658673845514818
0.2194579239223643
0.8615574071628447
0.7748429915667702
0.4469392066945681
0.18643055181282567
0.9374236775970335
1.0
0.13001081017818136
0.15038064115868188
0.29868008312431527
0.5772571094740215
0.030701802016930825
1.0000000000000004
0.17701449459187615
0.5269646695460183
0.03575063306187031
0.4768664871552871
0.747328204829835
0.6186034517154272
0.009474926073170718
0.8246163517837358
0.518691688694745
0.27547386307855726
0.6940797573782713
0.5668593160057488
0.6688874187205581
0.29560838374791315
0.5772359437636648
0.9515151668546852
0.8344524003841762
0.5710940454001203
0.7643274928452847
1.0
1.0
0.04247498514739903
0.4370911508833043
0.019341029161671866
0.5464629207682324
0.4599398904395404
1.0
0.05737168333557794
0.008517477786819902
0.04979830338077165
0.01313888226864786
0.08135468558038102
0.03810878002463434
0.031390493557251826
0.06089687375702682
0.08110409910106975
0.052937854862377544
0.13573308570822706
0.6293545367646589
0.1350843753698709
0.14414540551057034
1.0000000000000002
0.2567377002125046
0.2567377002125046
0.08649029447324488
0.33322474771871013
0.17327686233489667
0.207020913667981
0.43941012455620354
0.09473389394533499
0.2247036712725795
0.030077526032075516
0.3791734252295831
0.13078494254927808
0.05854104478621998
0.14394142673051274
1.0
1.0000000000000002
0.04986828711242922
0.3967421937079456
0.30279778807629293
0.14869988502670908
0.03082555578779236
0.13611334129328823
0.2792122218128406
0.06948175416067752
0.029857519898572996
0.15942225550333325
0.03719980619120485
0.1322880467712106
0.42551780978097953
0.27847996046669765
0.07608612241063575
0.37718110092652263
0.06858763419319035
0.5318735206009853
0.04825750604806781
0.05084705557929475
0.08838586829674101
0.05390754942700851
0.07290408449658994
0.06494083010989475
0.03197035139309175
0.08138654530747774
0.3572551558823433
0.05443147351842127
0.280479164045084
0.06468474666500593
0.7612882623357995
0.5648135528346379
0.13760922229111192
0.49313026288678125
0.06302104084961752
0.9386895305687638
0.0932348726121114
0.1401694900828626
0.20155745176448273
0.05787107200884348
0.7370650492379661
0.22211953047437896
0.9519442264748409
0.39851334279066575
0.034924840792979715
0.6402724905444828
0.8665281664155419
0.025756692778601393
0.11897142938679794
0.7701284329370072
0.7430374713507408
0.8615158004318247
0.2486776368181171
1.0000000000000002
0.35455956514816006
0.4461748585767887
0.11455316965891582
0.7571485474436181
0.04775982117387892
0.2487710512334051
0.06639617294262402
0.38035929980038347
0.7221155460297162
0.0782756580035745
0.2763460789175683
1.0000000000000002
0.4402976961930895
0.02294401622583389
0.3823940616529738
0.6404225236267276
0.20891215213396006
0.09275602325776858
0.0742090283653683
0.8787264154153106
0.2443897156364662
0.7800258154720149
0.16258855165546854
0.550446970278226
0.5932825748619314
0.8913076253614638
0.07234034413647088
0.03841207110237548
0.22029843739028276
0.08351880469896027
0.7459405744471006
0.8729787120706153
0.29470375382971103
0.9060983618713452
0.9915266953085959
0.43730412023437454
0.31809808968154746
0.35744654994060915
0.26651143868412985
0.061119583125413005
0.30615329825391135
0.27951869576908256
0.8701352068687965
0.40867647316604666
0.495409841468306
0.392127410882358
0.19592593937169442
0.02515272581918852
0.1005724076244738
0.9391519746838796
0.18682031636853208
0.6100888148346529
0.5346094675839185
0.2374783146753533
0.15000591381433126
1.0000000000000004
0.23368700274352405
0.6453522394796121
0.5205336484830406
0.12375068016825674
0.0446032194874855
0.026794319972930126
0.05421334465959336
0.5515998441746714
0.031329269428223006
0.14234556562505588
0.19435547419321997
0.15460115499350996
0.8424850052904325
0.2782639771988145
0.16218758609876993
0.1366957551388462
0.4673817716387127
0.2234110628294981
0.6520438776297084
0.7519025505832492
0.06472386391598367
0.2751408561289453
0.5932766392913211
0.2285208783316135
0.2833912968894421
0.11940776495386989
0.2751441148034219
0.12338270229239731
0.05232550269023271
0.09360618173928702
0.3383478797105206
0.04498290364515754
0.06574352497315318
0.06387337545829454
0.8929517137172346
0.10495653339031034
0.3005045097468167
1.0000000000000004
0.10741156696149504
0.05324785792638617
1.0000000000000002
0.5940878151176066
0.09634496773944981
0.015514898265590297
0.06500283995196207
0.019372861871021246
0.12303718038968094
0.2393616489875553
0.050999295724980645
0.046873944145471996
0.05802535137462458
0.2525010361452828
0.30715263422892175
0.06552511439330888
0.06297383277303964
0.14119329262912594
0.08381284080706494
0.05633220049372248
0.1068508255172596
0.5628188593743135
0.10449203486465924
1.0
0.03285751376450481
0.033770669594439966
0.449636671743045
0.16673671403434032
0.26237749951110206
1.0000000000000002
0.10587652997808686
0.5867723931593699
0.04115317289511712
0.7977996912191883
0.09587324494447753
0.05045858516862486
0.10244475160435498
0.03185692422357042
0.2235898059328443
0.021560975711915113
0.0661700425082127
0.3422525992731631
1.0
0.8047919763525003
0.2818910921896416
0.6779098310764224
0.049628507674622055
1.0
0.8761503023098245
1.0000000000000002
0.8968631050170248
0.6447653958272376
0.3877169721983016
1.0000000000000002
0.6722586768638587
0.6686769026635176
1.0
1.0000000000000002
0.8548968487353091
0.9256679143300077
0.08407912606294195
1.0
0.2980255513178555
0.26413308809432456
0.41784121546912306
0.07106327855948126
1.0
0.9040217607139753
0.7899862134391125
0.4456189672309523
0.18757384014051204
0.4314436756784249
0.45096858873986334
0.06581778568143537
0.07488716758886645
0.3497199413617381
0.31684335295777155
0.4264222305896278
1.0000000000000002
0.2890187442575102
0.0302164155254506
0.8544409428434809
0.5126053484007801
0.05831436052952731
0.16421029245222868
0.6793077371615228
0.04150280734364195
0.49545220679027313
0.7578610775930357
0.034505213657299756
0.7898599372939212
0.16101896226368972
0.6453113233771383
0.24588585090216283
1.0
0.1234068687249223
0.38481358498501134
0.5656318624246066
0.29019452426640596
0.7710225474659522
0.639359483865547
0.8740702896243429
0.7886943446135071
1.0000000000000002
0.7980469282303649
0.368540985203123
0.5666542480800474
0.38426741049483104
0.6409832936938495
1.0
1.0000000000000002
0.03497144744345819
0.4105996851504189
0.04488340820050107
0.04195117851721187
1.0
1.0
0.29061310232046894
0.45625564984439965
1.0
0.8370007095968945
0.497694498225626
0.17101850950468028
0.17797755968180873
0.5771013831311298
0.20697273627990664
1.0
0.23419857736727306
0.47376729212219904
0.4361702860706729
0.45612870041775744
0.17255821717411915
0.07671989846048323
0.7596690246852233
