0.1264928689736345
0.43654816407397345
0.7008606211042305
0.06143025310843906
0.6573163862484219
0.6205492048301042
0.6974708999944221
0.03107335744231089
0.28567940028465877
0.6362880246855901
0.3419250728139245
0.16209667179270865
0.020450805387511144
0.21065709211007969
1.0
0.1231718146059358
0.3510391197491874
0.021501793082967683
0.1159910583096695
0.16836526938512095
1.0
0.08438099513140407
0.024476701547902924
0.5485526746170539
0.8141240947172611
0.01493595849918896
0.68998250449456
0.19079601864307208
0.6203522574206722
0.28095853013198235
0.40310394210386286
0.5650660544221083
0.0020493701833376576
0.04181094231706671
1.0
0.0039420621480509045
0.4001852769457771
0.2662284109788882
0.0039013648760522343
0.4760593897148048
0.2614859117335521
0.0
0.2696411406457778
1.0
0.7651985522201548
0.32588134583905914
0.7269442588739372
1.0
0.18656909391164297
0.04156316177126479
0.7679957061770141
0.6835723339474776
0.18909375539730341
0.009931507179352901
0.019897644538038394
0.1926433245622814
0.3216763791898724
0.38728733441505625
0.2853660618366942
0.43690860462880454
0.5452635268429757
0.32947309914222417
0.8820543738277532
0.06876666499956718
0.10414920395076671
0.01623533880080375
0.03566357042658817
0.7304200345354039
0.02011350869091225
0.010229522213813708
1.0
0.5200779576574002
0.0265897482716813
0.26804252535121936
0.21570859891907943
0.5568972589589981
0.010321688554792867
0.24582908243018778
0.34910966781743835
0.10406255321145448
0.0037799044439362217
0.8125201271029058
0.23091619807084815
0.1627517924718605
0.027598689744497154
0.16285580200090227
0.5205229397218957
0.5241621286041148
0.19063218395120235
0.03700942178484969
0.4400267509192414
0.021928151856511695
0.09025479947232933
0.041366364078561285
0.5238463796233327
0.36869368332113667
0.07333208613347937
0.24636775475038947
0.13577725759093348
0.029213249259364193
0.6779212129895882
0.4198335396897298
0.568587708391449
0.6362880246855901
0.18229733629322975
0.14406320470818285
0.0652516544917263
0.45277573465944726
0.3511220866372215
0.2930793439135986
0.39917806584283094
0.08848740522013919
0.3343345330921994
0.22188020291020089
0.506522268288296
0.4104903358291039
1.0
0.16064505813182356
0.5445580741914118
0.11226181822965951
0.6031467255826879
0.5529092350906455
0.2606487620838839
0.3681944413726113
0.45473089911828807
0.03597901765139862
0.37638470232063165
0.011865087483945486
0.6081216426501835
0.16365908677088167
0.35302168226655334
0.3347077821924021
0.03588134827623899
0.02072381539403133
0.10883972541497759
0.0098974407433673
0.7845926287149506
0.8460170097978598
0.01904617090496389
0.0420455660418974
0.29124482978121174
0.8222163051476231
0.5587126207342005
0.5268441921051371
0.2738361949216562
0.5316583521483842
0.022753714297649146
0.7032645767789939
0.5252821924597822
0.6423827810694775
0.1050605989545919
0.01153018981143481
0.03815114143517167
0.1222422989018901
0.02145266353356969
0.0044548317882226966
0.00041856130686989383
0.4827034028762139
0.559799007790199
0.0
0.04712103485969219
0.17608041376514727
0.022047204500348635
0.5096388095431933
0.40000672244321006
0.6061136932857564
0.03440887337809653
0.42626083030812506
0.00818909071717336
0.5215796414192372
0.03579996043594756
0.04823849486375121
0.015271729296368138
0.6737605489202491
0.02498442030569822
0.04613749020692602
0.013067183803896923
0.023161211040101756
0.5075923287247179
0.3183236763225355
0.5350150553787669
0.1911588218324182
0.40933670327900673
0.2739472549780963
0.5671681899516907
0.3468558897431336
0.31856417038809154
0.5362754419054174
0.6188855427943283
0.025416560655582333
0.7872867098818722
0.5702111943313208
0.5666968161060549
0.6474212828278022
0.38336511265017514
0.7786994504578031
0.010892114845485398
0.4325158723735038
0.4909286013092044
0.5455313049685039
0.3149588501655805
0.028063789896450957
0.5209036557664554
0.03226770839611986
0.29030618513515827
0.25049986677677816
0.10482239319244438
0.5895962465603094
0.44310876634433677
0.023656200739414168
0.7510408888175032
0.027525619001073403
0.003821248446511876
1.0
0.07654959395155224
0.7882876101600411
0.06420088057763074
0.6864418347311029
0.17008305195807583
0.06226710906403417
0.025717507622295046
0.17546201662065383
0.017773601939224712
0.06814986863088555
0.3461727357497553
0.5301538273225095
0.482388598516735
0.5239196433535308
0.6118930299681732
0.5612654043142351
0.022552560926909188
0.01917263460417915
0.6741348828536097
0.4677101305369435
0.08541330973816466
0.332499716393611
0.2708655065458576
0.03509001126751319
0.3132450244181372
0.021666910394002297
0.2599669119715886
0.07678202952290702
0.211252618586454
0.6107972285414702
0.27404288469923194
1.0
0.4023083580965617
0.48535029402120833
0.06145548718819642
0.12738848978733305
0.7704201384103934
0.029645192956720547
0.0211649271049802
0.6304727880653058
0.30752664470804375
0.9214951046923537
0.2739472549780963
0.13580099081770367
0.1262907282326522
0.03150097751343078
0.7219841071740948
0.3891467343918153
0.41178172980321254
0.11934331204008164
0.025458289790750165
0.023011405576917405
0.34339283655247554
0.11234291395868685
0.606605108702981
0.34823352665129453
0.09917552016859765
0.5145600945224751
0.022815166714144117
0.48573203844464635
0.004461052760461085
0.0
0.5892668187132429
0.6943285589592774
0.2639745831788526
0.3066369465804395
0.19425971426443484
0.6167617047009654
0.8223400919422658
0.3736057751746448
0.1861029402095137
0.028832092971183183
0.01190233082887916
0.28971036237663456
0.01275208346744415
0.37112526904044374
0.023107830530410305
0.02595723373183446
0.0037147559126389025
0.0915540795866898
0.432247419335301
0.7400518224420376
0.03612466687226851
0.02385746885285656
0.008300804785377112
0.009343602228147414
0.08124193146876568
0.6463311681666184
0.026554399581312126
0.4017572680412599
0.35257095599478727
0.4724475605180047
0.1494880711667499
0.41372928219790767
0.44022930370762386
0.28023295799097236
0.6287216223610057
0.35552455928736015
0.3804224407443083
0.030767444695712565
0.04961224780186186
0.012730269860720867
0.08766959109825226
0.005213960517063658
0.49240339393454313
0.3696701425538832
0.5555432791511404
0.37306026705659145
0.16257062560522495
0.00888387201367859
0.0008411820244475206
0.5504183516449244
0.011274621262521376
0.49099425135912067
0.8112911521753952
0.651226002603191
0.390982307050218
0.04886825327068644
0.18166688236929077
0.671595283364799
0.6485335473023891
0.02209480401487237
0.5297009918086681
0.6303344715418934
0.5236909257833307
0.08539795093631776
0.27639982655106843
0.004240800985959745
0.49493622617250677
0.32250267602806576
0.1595026798966906
0.48422109611254077
0.45644289722294434
0.582392031470142
0.5276599540222113
0.06532997140191028
0.26137947668246103
0.03690305718419113
0.11832502347205547
0.3442470906273871
0.5801928962537225
0.010483101508103845
0.2785301774752627
0.18707056299551664
0.2009035547323037
0.007015398637113885
0.0005077693070420857
0.290147139616278
0.6371524473075073
0.32883020354546705
0.7223557388665792
0.008261284615005322
0.25636866320180735
0.30548659374354925
0.014183991210908561
0.02492564267934123
0.6703962225965201
0.4852929434030985
1.0
0.21456745051399023
0.16613132248827914
0.7597680631208912
0.04749836807422242
0.5351509776840208
0.29115956450601416
0.29635622855975347
0.5296472276307951
0.07022482921927202
0.5514266647585994
0.16487507206371282
0.030263627597093154
0.30922821835349157
0.003973627771430985
0.29635622855975347
0.003851065841162893
0.007388411873447384
0.403389079401769
0.29635622855975347
0.016308038713784122
0.016230295631827128
0.02700636126007032
0.11172942666691818
0.015294011534366731
0.0
0.011872754592968174
0.021309693444296465
0.06061375662206282
0.01163188125888676
0.0022949085029997907
0.03854480763606676
0.39535107639180184
0.0
0.50373767645987
0.19875366571194175
0.017881162390100833
0.23748541472678403
0.013647117726775909
0.8472016451587456
0.3939083862419396
0.023658763606983296
0.27509206719036994
0.3854309604153738
0.10763575476197187
0.012933591553979117
0.6516384422958771
0.4466381141593045
0.054976647628215566
0.2849651550470729
0.3976688894766498
0.22726057049963644
0.031373526431511485
0.05946740911271728
0.7079938450534078
0.05351537472558278
0.1902548287615642
0.5156420861796527
0.06222196304200343
0.07271242096892505
0.6169905525926807
0.8554845549408547
0.10647084955174325
0.07044582170736613
0.09893377397635195
0.21380998476762392
0.0016158843166805697
0.763082852351703
0.010192682025735235
0.25873863725101137
0.019271774068661717
0.19026217923986027
0.34631632519940925
0.38708538349596555
0.0020920239909319686
0.6836694511665521
0.368386216489832
0.1473013466132862
0.31521238813436925
0.09443277176234903
0.1277244668988061
0.17570334424321013
0.22582932394983746
0.7922125455690731
0.6256824985890481
0.31877992357878654
0.40030494238538644
0.35280589459906536
0.4732661318755701
0.016313191845032514
0.18530304610127057
0.0033397589496595246
0.31559415931174284
0.30300058480563213
0.7895717115188816
0.0034953359961663513
0.0012510130363493509
0.00917039041496135
0.002968034244660549
0.00806264128048395
0.010806719341190305
0.003053819709230855
0.020117117650169426
0.042165396585181224
0.015164183925020306
0.044069483157563184
0.35261985788628375
0.030789718531622327
0.02984208483186403
0.3781773583591591
0.13939937563880664
0.13939937563880664
0.030416429106814354
0.14789371506672147
0.02714542914206553
0.04513168697545415
0.27661007408433397
0.011860148972839338
0.12743099532527036
0.009502713254156232
0.2049742249729186
0.033450602673162654
0.01243025854867352
0.08095349248296223
0.6907168618317723
0.7291184049744228
0.006279678748618231
0.19422939331444297
0.12381003355468306
0.02781381218424363
0.004141769285247216
0.05089078626871851
0.08759814689719797
0.022714857965598707
0.006362393395862626
0.07173528600641997
0.013607280775948668
0.019596584608205136
0.2795936095857968
0.020186205959108316
0.02705733495618465
0.10317383325195824
0.007552996723339681
0.1815729953865378
0.019058447039861193
0.0038815668877700132
0.015395597676203328
0.016352068302935844
0.02314978806961578
0.021559849629403965
0.005196523330724521
0.03267262371632764
0.16428924761522712
0.018592504303717044
0.11081890958218087
0.01677316009120658
0.5548758436095431
0.3353409850516079
0.0665799744245002
0.1708392006844401
0.007523681494464753
0.7804750409630297
0.056673180769956345
0.058954627699518244
0.08035460945441072
0.014671085402126801
0.415921975486082
0.04036473084154436
0.6901355391100324
0.034372419566906794
0.001838149515419985
0.4081462767709927
0.39171152529951325
0.0075097426040152855
0.029886203242987946
0.23556577459391184
0.5885395073597188
0.7150817098423071
0.0443097806834129
0.7126543614471466
0.24057160596557764
0.22712804592007077
0.029294779538586765
0.5395765599762774
0.02249949052851332
0.08570226126612192
0.028607477035731434
0.11925549607104792
0.3904884289123631
0.0397228126423636
0.04140820311689712
0.7628067477757782
0.30879898398290556
0.004138513302136509
0.2013102988835734
0.27921995391073023
0.08706870848218334
0.020329323254314514
0.019796656443697748
0.1801020401961381
0.10143017927794563
0.6327549658110777
0.03761003286314442
0.4512503048622813
0.4531069914581775
0.5722955723346934
0.02759983082930893
0.004491128606915161
0.13030154463560759
0.045230734100194694
0.5557164597742039
0.513993476047974
0.03063080117372982
0.573585012237115
0.7941393622739812
0.09758397062123128
0.19396269182964573
0.01978481831975008
0.10354698889531021
0.01444577119061218
0.0556016602890672
0.048055667883760235
0.3118860297441645
0.16238274647401174
0.23773567303952628
0.09326342741507057
0.07184469365564117
0.006721249471741575
0.03230106892093926
0.7526163821009647
0.015984608819573445
0.41679134577568866
0.4327027434355437
0.10468976712959845
0.04829804286387952
1.0
0.030659002237633744
0.29640106286491635
0.26528846084645163
0.055105295833332305
0.003972143756568956
0.004026842600190475
0.03078875550984977
0.29060317297449645
0.006556896658504792
0.0777554282341783
0.012079028351743817
0.029077860075581722
0.6846750995675274
0.06490167026916445
0.04561631444422275
0.01901699273096927
0.3063593199321644
0.11589465868458763
0.41768185314972706
0.23310217183358728
0.014853353229112683
0.07791881622462066
0.16224204334033784
0.07022074357809899
0.11815448445753797
0.045152392132591056
0.17230361804769928
0.019239424400143434
0.019777381503084848
0.034256404103345205
0.15107935025865016
0.0043703085225313505
0.007566064517545022
0.017119829138472598
0.4464295975021374
0.02331001886701726
0.1278295233480901
0.15987517497009032
0.016100616100648987
0.022366482373819836
0.4008473843966337
0.2097344785162711
0.057156907835762036
0.00445835575810496
0.032327612889176814
0.005561706888942148
0.04285112643498422
0.13431372008781106
0.02179821367201132
0.008223584839616797
0.014284063590323517
0.027113447671272065
0.16643034890858513
0.02885989933258987
0.01019884329832962
0.07604258692206975
0.014144090713300172
0.01380323259405565
0.03252062474422231
0.2880394548586285
0.02255860565158219
0.2909337096164046
0.008935738332368007
0.0036594118904918747
0.2379506180030736
0.05416275173697654
0.12864539013843504
0.5416176644287433
0.015476166902593043
0.19163110351701776
0.003602334272339594
0.4856828363995316
0.007899262819509917
0.02344040501129301
0.04000533826040898
0.0029266409786993623
0.05494271223845648
0.004717530191652448
0.0034826338162217215
0.10134760790059957
0.09082940108658526
0.29600245524090113
0.05267720899688054
0.2960205960156151
0.004132788389211313
0.4621028033053442
0.6822473924060698
0.7525865610530702
0.514818192379443
0.4646048672517704
0.14707788797511936
0.3409980449093867
0.47583199702661116
0.385437015366995
0.4646957050011131
0.8156948868956446
0.44545387783208706
0.25150041277789065
0.052890071072537036
0.3192195458238018
0.24364687175237418
0.026231840043019143
0.1433291190220902
0.018299475457285917
0.7824337890077074
0.4168626021279864
0.06990035013548013
0.31250441461000894
0.03120438273052448
0.14171016551973584
0.10341906304002221
0.048452096470191754
0.01157364263924069
0.20327498777108152
0.053403506106153534
0.25032418782602117
0.630396386014072
0.10656832690097437
0.008976203184613004
0.5471558085785918
0.40510205809317507
0.0075151604968066235
0.03098267378621854
0.39201690657381527
0.025843818033859035
0.2732601245189644
0.33368867471302227
0.010734975655565568
0.3142639480351918
0.046625521732282106
0.4239451573907446
0.10063193857913544
0.6416714437463226
0.008912289070948263
0.29957061496141024
0.3292892073455519
0.07186262964392451
0.5927762034419463
0.3740642686850388
0.2924179200745437
0.295010908757248
0.8210700634216077
0.6315221633181126
0.16910536237313264
0.3103871365282514
0.17062316830618104
0.3424326739617756
0.5151768202683967
0.7294774238077588
0.013168187150342497
0.17619755094823097
0.01712095550268054
0.010830165407673589
0.3364327783567089
0.42592590355166565
0.023096028016980307
0.3149325162800358
0.5204668892499156
0.44469770975658696
0.27720624038617503
0.10617727652627461
0.027139423849168513
0.2890690686356346
0.17661886369901686
0.49889872032453314
0.11753714630900894
0.06557625151455652
0.2730562293671107
0.064373806459317
0.12479008139303414
0.015327280368283343
0.5212693931754302
