0.12016822552495277
0.4647207558702748
0.715817590049019
0.05835874045301711
0.6278679642651006
0.589521744588599
0.7125973549947011
0.029519689570195344
0.307888974942687
0.6246310145815079
0.32482881917322826
0.15399183820307322
0.019428265118135588
0.23975560226755407
1.0
0.1346804705839425
0.33348716376172804
0.020426703428819297
0.11019150539418603
0.18124273778621341
1.0
0.08016194537483387
0.023252866470507776
0.5711250408862012
0.823417889981398
0.014189160574229512
0.655483379269832
0.18125621771091846
0.6393346445496386
0.2925809821168616
0.4329487449986697
0.5868127517010029
0.0019469016741707746
0.03972039520121338
1.0
0.0037449590406483596
0.39780862725044813
0.2529169904299438
0.003706296632249623
0.5022564202290646
0.24841161614687451
0.0
0.25615908361348894
1.0
0.7769386246091471
0.3095872785471062
0.7405970459302403
1.0
0.1772406392160608
0.039485003682701546
0.7795959208681633
0.6993937172501037
0.17963906762743825
0.009434931820385257
0.018902762311136474
0.21180715467899175
0.3188559639574902
0.3788229634866386
0.27109775874485953
0.41506317439736434
0.518000350500827
0.3416339563308837
0.8879516551363655
0.06532833174958882
0.09894174375322837
0.015423571860763563
0.03388039190525877
0.7438990328086337
0.019107833256366637
0.009718046103123022
1.0
0.4940740597745301
0.025260260858097232
0.25464039908365843
0.20492316897312546
0.5535890526118733
0.009805604127053223
0.2751038991307404
0.34442303902486016
0.09885942555088176
0.0035909092217394105
0.8218941207477606
0.21937038816730575
0.1546142028482675
0.026218755257272297
0.15471301190085715
0.504120458751863
0.5214049123292545
0.18110057475364222
0.03663904070910088
0.45435296971350086
0.02083174426368611
0.10193966449225869
0.03929804587463322
0.5056484778470075
0.35025899915507985
0.0704187799395439
0.24379721740410804
0.13022471613653205
0.028999445000033142
0.6440251523401088
0.39884186270524336
0.5636092131272219
0.6246310145815079
0.17318246947856825
0.13686004447277372
0.06198907176713999
0.4301369479264749
0.36288471702304165
0.32842537671791866
0.3965852798292488
0.08406303495913223
0.3176178064375894
0.21078619276469085
0.5311961548738813
0.38996581903764865
1.0
0.15261280522523238
0.5673301704818412
0.10664872731817654
0.6136042400317333
0.5472883614908418
0.2676998815747017
0.3916424002784734
0.48199435416237363
0.03418006676882869
0.37033432180289383
0.01127183310974821
0.609796875340784
0.1554761324323376
0.3678229552450693
0.332128133644817
0.03408728086242704
0.019687624624329766
0.11037050029045459
0.009402568706198936
0.7953629972792031
0.8537161593079668
0.018093862359715697
0.03994328773980253
0.2766825882921512
0.8311054898902419
0.5807769896974905
0.5162271553224993
0.26014438517557337
0.5126814337361879
0.021616028582766688
0.7181013479400442
0.4990180828367931
0.6102636420160037
0.10623312775457616
0.010953680320863069
0.03624358436341309
0.1161301839567956
0.04599932590483546
0.004232090198811562
0.00039763324152639913
0.5085682327324033
0.581809057400689
0.0
0.04476498311670758
0.17889950114702086
0.020944844275331203
0.48415686906603367
0.38000638632104955
0.6258080086214686
0.03268842970919171
0.4049477887927188
0.007779636181314692
0.5455006593482753
0.034009962414150184
0.045826570120563646
0.01450814283154973
0.6400725214742367
0.02373519929041331
0.04383061569657972
0.012413824613702076
0.022715989660496327
0.5322127122884821
0.3390483292960086
0.5386098998190791
0.18385658024753224
0.3888698681150564
0.26701080113334996
0.5704792550786799
0.3530394930071631
0.30263596186868696
0.5594616698101466
0.637941265654612
0.02414573262280322
0.7872660936680722
0.5720462318240053
0.566377690394201
0.6425800202619579
0.38149098421105954
0.7897644779349129
0.010347509103211128
0.41089007875482864
0.5163821712437442
0.5682547397200787
0.31162555343906073
0.02666060040162841
0.5448584729781325
0.030654322976313864
0.3257908758784004
0.25102200457053286
0.09958127353282216
0.56583339842038
0.42320902753385486
0.022473390702443457
0.7241126017472947
0.02614933805101973
0.003630186024186282
1.0
0.07272211425397462
0.7988732296520391
0.060990836548749205
0.7021197429945477
0.17618098908139396
0.05915375361083246
0.029252672821409347
0.1700052506499628
0.016884921842263475
0.06474237519934127
0.3728192035745216
0.5375509044970719
0.5082691685908982
0.5477236611858542
0.6312983784697646
0.5612488285903299
0.02142493288056373
0.01821400287397019
0.6707737359201796
0.4443246240100963
0.08114264425125642
0.31587473057393045
0.3073222312185647
0.033335510704137525
0.3098188235026524
0.02058356487430218
0.29696856637300917
0.07294292804676168
0.2006899876571313
0.6161150094472541
0.31034074046427035
1.0
0.41390659864523743
0.5110827793201479
0.0583827128287866
0.1210190652979664
0.7425228888605405
0.02816293330888452
0.02010668074973119
0.6489491486620406
0.34215031247264155
0.9254203494577361
0.26701080113334996
0.12901094127681847
0.11997619182101957
0.029925928637759246
0.7164573831561609
0.4196893976722246
0.4411926433130519
0.11337614643807756
0.03755601360189938
0.021860835298071535
0.3762231947248518
0.1067257682607525
0.5932765207067243
0.38082185031872984
0.0972395898800733
0.5388320897963513
0.02167440837843691
0.461445436522414
0.004238000122438031
0.0
0.5895798189060351
0.7096121310113135
0.25239026475656934
0.3413050992514175
0.1979430916692231
0.635923619465917
0.8312230873451526
0.4049254864159126
0.17679779319903802
0.027390488322624022
0.011307214287435202
0.2752248442578028
0.012114479294071941
0.3548317307233346
0.02195243900388979
0.02465937204524274
0.003529018117006957
0.1110366499654221
0.4606350483685359
0.7346296471666696
0.03431843352865508
0.02266459541021373
0.007885764546108256
0.008876422116740043
0.0771798348953274
0.6140146097582875
0.025226679602246522
0.43166940463919695
0.38494240819504794
0.49882518249210445
0.1644987350659644
0.44304281808801227
0.4682178385222427
0.31622131009142374
0.6472855412429555
0.33774833132299215
0.41140131870709296
0.029229072460926937
0.04713163541176877
0.012093756367684822
0.08328611154333965
0.004953262491210475
0.517783224237816
0.40118663542618904
0.5748988354341791
0.40440725370376185
0.1546990045207538
0.008439678412994662
0.0007991229232251446
0.5432949498777614
0.010710890199395308
0.46644453879116465
0.7911241103817086
0.6686647024730314
0.42143319169770715
0.047221930099246794
0.17258353825082623
0.688015519196559
0.6392091912745732
0.02099006381412875
0.5236134580333178
0.6488177479647986
0.4975063794941641
0.08112805338950188
0.2769069748072689
0.004028760936661758
0.49094648820596587
0.3359764752751029
0.15152754590185608
0.47538925219963596
0.4336207523617971
0.6032724298966349
0.5512769563211007
0.06206347283181477
0.24831050284833797
0.03505790432498158
0.1124087722984527
0.3484278029158586
0.6011832514410365
0.009958946432698654
0.2646036686014996
0.1777170348457408
0.19085837699568853
0.006664628705258191
0.0004823808416899814
0.31327003871442893
0.655294824942132
0.33104204083348976
0.7362379519232503
0.007848220384255056
0.25924789491900896
0.32512910401133605
0.013474791650363133
0.023679360545374166
0.6868764114666941
0.46102829623294356
1.0
0.22813239059231494
0.1578247563638652
0.7458386567762286
0.0451234496705113
0.5440207064576243
0.29159574218625217
0.3315384171317658
0.5091093253525851
0.0667135877583084
0.5238553315206694
0.1566313184605272
0.028750446217238497
0.343766807435817
0.003774946382859435
0.3315384171317658
0.0036585125491047483
0.007018991279775015
0.3927463419727023
0.3315384171317658
0.016241034724169538
0.015418780850235772
0.025656043197066804
0.10614295533357228
0.014529310957648395
0.0
0.011279116863319765
0.02024420877208164
0.060622832859784204
0.011050287195942421
0.002180163077849801
0.040496110581731457
0.3778462477071248
0.0
0.48081351777178954
0.18881598242634468
0.01698710427059579
0.24289878041954563
0.012964761840437114
0.8394515724728707
0.39756560611244607
0.022475825426634132
0.284690103013455
0.3661594123946051
0.10225396702387328
0.012286911976280162
0.6509164116000005
0.4743062084513393
0.05222781524680479
0.2940695364773228
0.39431082745216595
0.21589754197465463
0.02980485010993591
0.056494038657081413
0.7225941528007375
0.050839605989303635
0.18074208732348598
0.48985998187067004
0.05911086488990326
0.0690767999204788
0.6122014234027524
0.8473203367658744
0.15114730707415608
0.11692353062199783
0.09398708527753435
0.20311948552924272
0.0015350901008465412
0.7749287097341179
0.009683047924448473
0.24580170538846077
0.01830818536522863
0.19503542171305724
0.3290005089394388
0.3855590424981364
0.0019874227913853704
0.6494859786082244
0.3499669056653404
0.16636428173172854
0.2994517687276508
0.08971113317423159
0.17133824355386582
0.17706898362202472
0.2321281863842722
0.7898552237087889
0.6443983736595957
0.3301592673603899
0.3802896952661171
0.33681119445283547
0.4651805592433025
0.015497532252780888
0.21165575249279872
0.0031727710021765484
0.33657084988992214
0.33785055556535054
0.8000931259429376
0.0033205691963580338
0.0011884623845318833
0.008711870894213283
0.0028196325324275216
0.007659509216459752
0.01026638337413079
0.002901128723769312
0.019111261767660957
0.040057126755922164
0.014405974728769292
0.041866008999685025
0.33498886499196956
0.02925023260504121
0.02834998059027083
0.40003568031217307
0.1324294068568663
0.1324294068568663
0.028895607651473636
0.15364846711804475
0.025788157684962253
0.04287510262668144
0.28737770722414735
0.011267141524197371
0.12351829605802553
0.00902757759144842
0.19472551372427266
0.03177807253950452
0.011808745621239843
0.07690581785881412
0.6628910722525929
0.7242429005724356
0.005965694811187319
0.19327558096423184
0.11761953187694892
0.02642312157503145
0.003934680820984855
0.05419382677359089
0.08966492468751569
0.02157911506731877
0.007555695557786156
0.06814852170609897
0.012926916737151234
0.01861675537779488
0.28572664427003913
0.019176895661152903
0.02619153769376604
0.09801514158936034
0.007175346887172697
0.17249434561721091
0.018105524687868132
0.0036874885433815126
0.01462581779239316
0.015534464887789052
0.02199229866613499
0.020481857147933765
0.004936697164188295
0.03103899253051126
0.15607478523446577
0.017662879088531192
0.12183976447584702
0.015934502086646252
0.5625831381778061
0.3185739357990275
0.08320778358708748
0.1622972406502181
0.007147497419741515
0.7569001855009839
0.05383952173145853
0.05600689631454233
0.0763368789816902
0.013937531132020462
0.3951258767117779
0.039436842198611814
0.7056287621545309
0.032653798588561454
0.0017462420396489858
0.3877389629324431
0.37212594903453755
0.007134255473814521
0.03644898513499273
0.22378748586421623
0.6091125319917329
0.7293276243501918
0.04209429164924226
0.7270216433747893
0.268425575167074
0.21577164362406723
0.031487965682017525
0.5281707976923603
0.021374516002087653
0.08141714820281583
0.02717710318394486
0.11329272126749552
0.37096400746674496
0.03773667201024543
0.03933779296105226
0.7746664103869892
0.3086026033672927
0.003931587637029684
0.19124478393939476
0.2664020434483405
0.08271527305807418
0.01931285709159879
0.018806823621512862
0.1885814468813637
0.09635867031404835
0.6511172175205238
0.06690263085494014
0.42868778961916726
0.43045164188526863
0.5719119493987368
0.026219839287843483
0.004266572176569403
0.12378646740382719
0.04452400626191747
0.5578330198583158
0.5227711467151056
0.02909926111504333
0.5556660291314123
0.8044323941602821
0.09270477209016972
0.18426455723816343
0.018795577403762576
0.10469417663294389
0.013723482631081571
0.053596258796484254
0.04742799863726494
0.31466902388276646
0.15426360915031115
0.23030334164186694
0.08860025604431704
0.07688613918290954
0.006385186998154496
0.030686015474892293
0.7649855629959165
0.015628914436338917
0.40753491168025835
0.4334307088852373
0.09945527877311852
0.04588314072068554
1.0
0.029126052125752054
0.28158100972167055
0.2520240378041291
0.05881379184126667
0.0037735365687405083
0.003825500470180951
0.029249317734357284
0.2941612277763663
0.006229051825579553
0.07386765682246939
0.011475076934156626
0.027623967071802636
0.700441344589151
0.06165658675570623
0.04333549872201161
0.018066143094420808
0.3044437587775096
0.11009992575035825
0.4342729230561007
0.2222379107825053
0.01411068556765705
0.07402287541338962
0.17976862707857486
0.06670970639919403
0.12679132613868943
0.050068875177855264
0.17074340939327945
0.01827745318013626
0.018788512427930608
0.03254358389817795
0.14352538274571763
0.004151793096404783
0.0071877612916677715
0.016263837681548966
0.42410811762703055
0.026598075329523612
0.1214380471806856
0.15188141622158582
0.015295585295616537
0.021248158255128845
0.380805015176802
0.2282716360148047
0.05534168836136326
0.004235437970199712
0.030711232244717973
0.005676990356840977
0.04070857011323501
0.15282689586615045
0.020708302988410754
0.007812405597635958
0.01356986041080734
0.02575777528770846
0.15810883146315585
0.027416904365960375
0.00968890113341314
0.07224045757596627
0.013436886177635162
0.01311307096435287
0.03089459350701119
0.27363748211569705
0.02143067536900308
0.32638702413558435
0.008488951415749606
0.003476441295967281
0.2260530871029199
0.05145461415012771
0.17221312063151328
0.5328464190808516
0.01470235855746339
0.18204954834116688
0.003422217558722614
0.511398694579555
0.00750429967853442
0.02226838476072836
0.03800507134738853
0.0027803089297643944
0.05219557662653366
0.004481653682069826
0.0033085021254106355
0.0962802275055696
0.08628793103225599
0.28147895054081196
0.050043348547036515
0.3219867560858062
0.0039261489697507475
0.488997663140077
0.6981350227857663
0.7649572330004167
0.5390772827604708
0.45903388819321644
0.141482227996999
0.3613081590845916
0.4520403971752806
0.36616516459864523
0.49146091975105743
0.8249101425508624
0.4231811839404827
0.28892539213899615
0.050245567518910184
0.35325856853261167
0.2814645281647555
0.024920248040868186
0.13616266307098568
0.01738450168442162
0.7433120995573221
0.3960194720215871
0.06640533262870613
0.3264880143145012
0.030091944825258704
0.13462465724374906
0.0982481098880211
0.05874089037064417
0.010994960507278656
0.24311123838252743
0.050733330800845855
0.2378079784347201
0.6147730715309796
0.10123991055592566
0.008527393025382354
0.5360818162367047
0.4130530512243752
0.007139402471966293
0.02943354009690761
0.3950729072603812
0.024551627132166083
0.3095971182930162
0.3304692842822467
0.010198226872787288
0.2985507506334322
0.044294245645668
0.4527478995212074
0.09560034165017867
0.6422577334791677
0.00846667461740085
0.3040312620221617
0.3128247469782743
0.06826949816172828
0.5855717965667713
0.3668654129060568
0.2777970240708165
0.2802603633193856
0.8300165602505274
0.6499460551522069
0.16065009425447602
0.3448677797018388
0.162092009890872
0.36042094752273096
0.48941797925497693
0.6930035526173709
0.012509777792825371
0.16738767340081945
0.01626490772754651
0.01028865713728991
0.3696111394388734
0.4546296083740824
0.021941226616131293
0.34918589046603404
0.49444354478741975
0.4724628242687576
0.31334592836686626
0.1059797941587017
0.025782452656710086
0.27461561520385286
0.21778792051406598
0.5239537843083065
0.11166028899355848
0.0622974389388287
0.30940341789875514
0.06115511613635116
0.12669961346949268
0.014560916349869177
0.5303158307757028
