0.13352025058328085
0.4052452843003054
0.7397973222766878
0.06484304494779679
0.6590257143706398
0.6241244684824475
0.7047943886006238
0.03279965507799483
0.28527241536037384
0.6451922303978619
0.3487913849721822
0.17110204244785912
0.021586961242372874
0.20906857673327894
1.0
0.13001469319515446
0.3635237938784815
0.022696337143132555
0.12243500599354003
0.16977743782041038
1.0
0.08906882819425985
0.025836518300564198
0.5408379892314027
0.8037976555348867
0.015765733971366123
0.7283148658553689
0.20139579745657607
0.6101743162631397
0.26106437284057293
0.4017669021405607
0.5409030574455588
0.002163224082411972
0.04413377244579264
1.0
0.004161065600720399
0.4224177923316536
0.2658591838422748
0.004118107369166247
0.44695157803229396
0.23693385730537012
0.0
0.2724611200387985
1.0
0.7584330732147117
0.3086682853436151
0.7562510435705252
1.0
0.1969340435734009
0.03497149127216207
0.7551065787424037
0.6753941335180658
0.19959896403048694
0.01048325757820584
0.02100306923459608
0.18693440476274498
0.31158861469105253
0.37101147302839255
0.3012197319387328
0.4530391433107426
0.5269699333016349
0.32136767407392236
0.8755018390404062
0.07258703527732092
0.10993527083692041
0.01713730206751507
0.0216068214986202
0.7154433697873708
0.021230925840407377
0.010797829003470025
1.0
0.5489711775272557
0.028066956508996925
0.25024382554670566
0.20517160168826867
0.5741878598349357
0.010895115696725804
0.25948625367630934
0.3685046493628516
0.1098438061676464
0.0033961767278614854
0.8021045786086227
0.24374487574145082
0.1717935587202972
0.029131950285858108
0.17190334655650796
0.539518796733754
0.5160514141780529
0.20122286083738025
0.037519543224511356
0.4454327979957509
0.020112265569885227
0.08676093651396397
0.043664495416259136
0.545954662647397
0.3574957604133883
0.0693143645657121
0.22977136177179153
0.14199786273932452
0.029093787770864004
0.6600279470445654
0.43551812147337177
0.5768528220781086
0.6451922303978619
0.19242496608729806
0.15206671608085967
0.06887674640793333
0.47792994214052764
0.35271807869728283
0.2914962149505779
0.3881681798284824
0.09340337217681359
0.35290867381954377
0.2342068808496565
0.5108879561843671
0.3948222108545424
1.0
0.16956978358359154
0.5192557449798235
0.11849858590908505
0.5930267622557069
0.5682555048137259
0.26835437029133696
0.35831932911966624
0.4475715636427129
0.03743813077341338
0.39729496356066674
0.012524259010831346
0.6105200537566662
0.16233639987634685
0.3444789533016863
0.33278212787665207
0.03647127377541442
0.02187513847147752
0.1148863768269208
0.010447298562443261
0.801615460637952
0.8374623992310742
0.02010429151079522
0.04438143082200281
0.27574419278791207
0.8123394332113799
0.5670635445525757
0.5383810129554493
0.2890493168617482
0.515412167078305
0.024017809536407433
0.7423348310444936
0.5544645364853257
0.6780707133511152
0.10414751275629554
0.012170755912070076
0.040270649292681204
0.12307323582097889
0.02264447817432356
0.004702322443123958
0.00044181471280711017
0.46800254953734655
0.5353433971118766
0.0
0.04973887012967509
0.17430741628320556
0.023272049194812447
0.5031218391331481
0.38780779181354524
0.5842311206905206
0.036320477454657454
0.4458363207283995
0.005891655640541444
0.5052296325141175
0.03778884712683354
0.05091841124507072
0.016120158701721923
0.6801946351056056
0.026372443656014787
0.0487006841073108
0.013793138459668973
0.021987013213123595
0.4802363469872023
0.2974998164073487
0.5156551963064119
0.18813270101711185
0.4320776312389516
0.2845601688686688
0.5431219782823402
0.3396473580888776
0.3362621798540966
0.5241184809112747
0.6532680729495688
0.024878865131780184
0.7805871483809654
0.5645963050482584
0.5685406153656491
0.6783853632670475
0.3878640115258369
0.7772664033072898
0.011497232336901253
0.4565445319498096
0.4749292271984311
0.533888558588977
0.30423965708836137
0.029622889335142677
0.5498427477534806
0.03365475497606204
0.2714542156508394
0.2440627948418118
0.1106458594809135
0.5861297599325921
0.4547817116802519
0.024970434113826063
0.767558780113231
0.02774268266269155
0.004033540026873647
1.0
0.08080234917108292
0.7765258107244879
0.06776759616527689
0.7245774922161642
0.1543563767819395
0.06572639290092495
0.02714625804575588
0.18362155820135997
0.01876102426918164
0.07193597244371253
0.3654045544025195
0.5277851937176802
0.4858124273429454
0.4974707346509492
0.5903315316330717
0.5603378158653398
0.023805480978404143
0.020237780971077993
0.6693756099651759
0.4936940266778848
0.09015849361250713
0.31857573484528157
0.28591359024284974
0.037039456337930585
0.29402509177534075
0.022870627638113535
0.2626981634615247
0.0810476978297352
0.1674333196190348
0.6051251548139193
0.24969705197560976
1.0
0.42335325899330584
0.48887259934149746
0.064869680920874
0.12019416698941113
0.7909630837721324
0.0312921481209828
0.022340756388590212
0.6164161363644252
0.300593712061905
0.9171337216197067
0.2845601688686688
0.1248764927110037
0.13330687980113287
0.0332510318197325
0.7524328678912121
0.38543112472325425
0.37910293701450215
0.1259734960423084
0.02687263922356962
0.023475331675745306
0.35609977703217177
0.11858418695639167
0.609364999517697
0.3675798336874776
0.10329152657493705
0.5431467664403904
0.02153715195542487
0.48319630766486543
0.004708889024931145
0.0
0.5945645300114857
0.6773468122347928
0.27064209572669395
0.26811677694601943
0.198761988358064
0.6083367753957629
0.8124700970501695
0.33880609601768064
0.19644199244337557
0.030433875914026694
0.012563571430483558
0.3058053825086698
0.013460532548968824
0.3907249271167466
0.024391598893210877
0.027399302272491932
0.0039211312411188415
0.09664041734150591
0.4007056092983732
0.7547128707295271
0.038131592809616754
0.025182883789126368
0.008761960606786951
0.00986269124082227
0.08261222452064804
0.6496335354145071
0.028029644002496135
0.3685215607102188
0.31660267577227547
0.44313909165789384
0.14254128353343332
0.3811586867644581
0.40913093169138076
0.24024590010158192
0.6636506013810616
0.37527592369221346
0.3810736702843252
0.03154411048823083
0.05236848379085419
0.013437507075205359
0.09254012393704406
0.005503624990233861
0.4642035824864622
0.33465181714021003
0.5815620309353768
0.33823028189306875
0.16743499859461058
0.009377420458882957
0.0008879143591390496
0.5356704933078985
0.011900989110439231
0.4840085840446202
0.8008073272962505
0.6450706250852641
0.3801324027594146
0.0489128416403504
0.19175948694536246
0.6597379872453362
0.6610199622472971
0.022296379734565004
0.5035732691313719
0.6273677208319861
0.5527848661046267
0.09014228154389098
0.2817779387829671
0.004476401040735286
0.49981648940473034
0.3176144808658843
0.14702503189336094
0.4799029921403174
0.48180083595755235
0.5805346784110313
0.5200484575561047
0.06895941425757196
0.2704986755719172
0.0389532270277573
0.12489863588716967
0.36337192899557524
0.5741890753345118
0.011065496036331838
0.29400407622388847
0.1974633720508231
0.2120648633285428
0.0074051430058424345
0.0005359787129888682
0.3062664251505157
0.6408805999080273
0.34709854818688185
0.7069310576925003
0.008720244871394507
0.2544018833860843
0.30087102228268225
0.014971990722625703
0.0263104006059713
0.6577506898151644
0.5122536624810484
1.0
0.2057595065229285
0.17536084040429467
0.7734825894258025
0.05013716630056811
0.5631881069819191
0.29102656685644335
0.2716002423754073
0.5580536611843397
0.07226391597153625
0.5820614794674105
0.17403479828947466
0.031944940241376105
0.2750076703464967
0.0041943848698438166
0.2716002423754073
0.00406501394344972
0.007798879199750017
0.4065177597933036
0.2716002423754073
0.01655998099937768
0.01713197872248419
0.028506714663407557
0.11793661703730253
0.01614367884183155
0.0
0.012532352070355295
0.022493565302312935
0.06049850662012943
0.009767632616172908
0.0024224034198331123
0.03992095945884905
0.4164841229520957
0.0
0.5307046905039188
0.20979553602927187
0.01887456030066199
0.21208516094358462
0.014405290933819016
0.8478428526497551
0.39651036145792806
0.024973139362926815
0.27464330905425094
0.4068437915495612
0.105473944817932
0.013652124418089068
0.6537417413284365
0.43118798085003784
0.0580309058297831
0.2815147285300133
0.4060977726423927
0.23988615774961625
0.020105935241229056
0.06277115406342379
0.6917712808897083
0.05648845109922626
0.20082454147053996
0.523549071045417
0.06567873876655918
0.07675199991164311
0.6250784164300085
0.856596543785047
0.0920482137319229
0.07435947846888648
0.10443009475281595
0.22568831725471414
0.001705655667607268
0.7909180889710857
0.010758942138276082
0.26445379545960546
0.019314727965235586
0.19205295794426175
0.3353399514205749
0.3783123375404269
0.0022082475459837447
0.686844541627002
0.3888521174059338
0.1448558939165411
0.32566147308109084
0.09967903686025731
0.13482027061540644
0.17132844305344716
0.23120239637111414
0.7938733049158667
0.6448712198319355
0.29089945520542154
0.4063118247486466
0.37185583352375745
0.44400313920199064
0.017219480280867654
0.1955976597735634
0.003525301113529498
0.30391671881213844
0.26427839507261175
0.7990924971128418
0.003689521329286704
0.0013205137605909814
0.00967985654912587
0.0031329250360305795
0.008510565796066391
0.011407092637923099
0.0032234763597436804
0.021234735297401063
0.044507918617691294
0.016006638587521434
0.04651778777742781
0.3722098499910773
0.03250025845004579
0.03149997843363425
0.39918721160133463
0.13630958842465513
0.13630958842465513
0.0321062307238596
0.1433857151341946
0.02648183898557623
0.037737048491868694
0.26738967980688993
0.01251904613799708
0.13218817446488298
0.010030641768276023
0.21636168191585853
0.03530896948833836
0.01076210446091402
0.08368829808893836
0.7290900208224262
0.7483437421155
0.0066285497902081325
0.19154807402938165
0.12994881826806032
0.029359023972257165
0.004371867578872061
0.05371805217253621
0.0813430305829976
0.021439537925837533
0.006715859695632771
0.0697111130077026
0.014363240819056926
0.020685283753105424
0.27326375742753206
0.021307661845725447
0.028560520231528243
0.10890571287706703
0.007972607652414108
0.19166038401912322
0.020117249653186814
0.004097209492646125
0.016250908658214623
0.017260516541987833
0.024435887406816657
0.02275761905325974
0.005485219071320328
0.034487769478345844
0.1734164280382953
0.0196254212094791
0.11138734125679621
0.017705002318495835
0.5683888537253045
0.35397103977669725
0.05796504790775081
0.18033026738913124
0.007941663799712794
0.7874906827525829
0.0598216908127317
0.055534598849824014
0.07769479902098829
0.01451952531053395
0.4390287519019755
0.04075293316394271
0.7060418445330513
0.03628199843173495
0.0019402689329433174
0.3950316521698963
0.40191141711481
0.007926950526460579
0.031017848233823895
0.23983685188554155
0.593996247626928
0.6992529159446575
0.04573351356963931
0.7522462704164324
0.22489638238013296
0.23974627069340804
0.030922267290730474
0.5335969465451442
0.02374946222454184
0.0904634980031287
0.028577956782306783
0.12588080140832836
0.40110096025260095
0.04192963556693936
0.043708658845613625
0.7622469353178625
0.32008616216493135
0.004368430707810759
0.19865511234988623
0.29316838025193115
0.09190585895341576
0.021458730101776433
0.020896470690569845
0.1599512318227882
0.10431900615633176
0.6262147480286909
0.03969947913331911
0.44832365551303016
0.4475880236985611
0.57466960036581
0.029133154764270537
0.004740635751743782
0.13754051933758576
0.0436746591003954
0.5532105888887574
0.5138627570373429
0.032332512350048144
0.6051513929621405
0.8187452028109329
0.1030053023224108
0.1963615039902397
0.020883974893069528
0.10394995190445468
0.015248314034535079
0.05838387462987882
0.050466321371295954
0.31647945937027694
0.16221398684946042
0.24373753499765932
0.09844472893813004
0.06608685480553017
0.007094652220171662
0.02905728151104588
0.7388728477732405
0.01687264264288308
0.4128758237697769
0.4410298289226186
0.11050586530346503
0.050981267467428384
1.0
0.0323622801397245
0.30394375043973115
0.26686001321351793
0.05629197142723024
0.004192818409711676
0.004250556077978834
0.032499241927063646
0.29542354940581045
0.0069211686950883915
0.0820751742471882
0.012750085482396251
0.03069329674644737
0.6671570495435011
0.06850731861745137
0.04815055413556846
0.02007349232713423
0.2809433334358584
0.10173984503093281
0.4305643319383564
0.2344221387663637
0.015678539519618943
0.0822476393482107
0.15169512183005243
0.07348053079469402
0.11486761343114596
0.04766085836217945
0.16996370072568281
0.020308281311262513
0.01743134214533647
0.03420841826892622
0.15947264749524181
0.004613103440449759
0.007986401435186412
0.01280469009042845
0.47123124180781173
0.021891543625396907
0.13493116353409512
0.16875712913509536
0.016995094772907265
0.023609064727920938
0.36756112797422447
0.19008322374584688
0.05816186299789044
0.004706042189110791
0.03412359138301997
0.0054021487289889515
0.04523174457026112
0.1417755934260228
0.023009225542678615
0.008680450664039953
0.01363611503345127
0.02861975031967607
0.1756764794035065
0.030463227073289308
0.010765445703792377
0.08026717508440696
0.014929873530705736
0.014570078849280965
0.034327326118901325
0.30404164679521894
0.023811861521114534
0.2515411379284271
0.009432168239721784
0.0038627125510747565
0.25117009678102215
0.0571717935001419
0.13155473034832899
0.5371978594423579
0.0163359539527371
0.20227727593462985
0.003802463954136238
0.486841277656608
0.008338110753927134
0.023228850623637075
0.03950747183100703
0.0030892321441826605
0.057995085140592956
0.004979615202299807
0.0036761134726784835
0.10697803056174399
0.060258915011522474
0.3010819458968893
0.05560372060781835
0.31246618468314924
0.0037673209804805585
0.43221962571119665
0.6645944697619626
0.738841370000463
0.48786364751163425
0.47984816816465464
0.11805873489054604
0.3599423807376859
0.44671155241697846
0.38947960770225565
0.43495657750117495
0.8108330464550566
0.4566901029832002
0.23748525379039068
0.05582840835434465
0.2813984094806796
0.201627253516395
0.027689164489853542
0.15129184785665076
0.01931611298269069
0.7703467772859134
0.43571743650132166
0.07378370292078458
0.3004173095661466
0.03293795954888695
0.1495829524930545
0.10916456654224567
0.036890244516587394
0.012216622785865173
0.15901248709169716
0.056370367556495396
0.264231087149689
0.6654184074592983
0.11248878950658406
0.009474881139313726
0.5775533534996247
0.3963296587462451
0.00793266941329588
0.032703933441008456
0.38541615446577704
0.025435739449008
0.23288568699224024
0.32177149453322595
0.011331363191985876
0.33172305625936915
0.04763831417660228
0.4227416830702608
0.10622260183353185
0.6495274036492934
0.0094074162415565
0.2808420297259726
0.3464022518994668
0.07585499795747587
0.603521496444787
0.38245296747116875
0.2961515385058242
0.3114004036882062
0.8370071067923893
0.6397454463512838
0.17850010472719557
0.294920642884887
0.18010223321208
0.3262017292679116
0.5307855712767859
0.7529801184286975
0.013899753103139302
0.18598630377868827
0.018072119697273903
0.011431841263655455
0.2995679327098594
0.3940328981934249
0.024379140684590326
0.3158986937473599
0.4938261608749108
0.41384758252084175
0.2370510315187403
0.10657440487064887
0.028647169618566764
0.29596417526190716
0.13087546723785112
0.4710597603425628
0.12406698777062054
0.058868597447603005
0.23267046433195018
0.06795012904039018
0.12097410470762918
0.016178795944299086
0.5309403122784121
