0.0
0.22731818805485918
0.5966577851154748
0.15624833546430147
0.6144733274530777
0.5945186532788438
0.5658248247916601
0.011716459278008096
0.27630148013803973
0.8339120974702295
0.3505112663308963
0.10464681565809779
0.006721091050612919
0.26885311286049773
1.0000000000000002
0.12012153723989873
0.823815955335288
0.027350177446930957
0.08558252104969033
0.31285855800584217
1.0
0.02677831345064786
0.001897502645689915
0.8083543307119879
0.87675018863442
0.1048188036670189
0.8284756542681985
0.5761371061557522
0.41564162948085825
0.06044598576218312
0.6137504797271781
0.503655398182825
0.009608389277352325
0.22598288907334843
1.0
0.01080730344388707
0.7554464229512882
0.3403680618397134
0.0007939160718740155
0.44446849129770444
0.223956864599939
0.006324947010827422
0.8355010009137049
1.0
0.8197861137350896
0.04544469476485364
0.6496721789126437
1.0
0.17707923269222878
0.2846629463463536
0.7517303961459719
0.8514926998097359
0.41207604943648884
0.02741200873727252
0.03817431339333522
0.7512389741324857
0.23051236556845886
0.8008220572923218
0.30821460698767206
0.56307554350672
0.7400997749286637
0.4507451681429142
0.9063882337441903
0.1492665903725389
0.3953865755247617
0.017854003990217554
0.12445244778412383
0.5696412641161491
0.010675683080873827
0.022682806755340092
1.0
0.7067452479431003
0.006188383202901277
0.5960390819528624
0.43342290217875296
0.8041243143694409
0.007222392306669345
0.21701052035480373
0.2326725029590269
0.015493939995836639
0.020299383106262663
0.5503443444338066
0.4750932503279344
0.008889269746273241
0.0
0.5192062779838491
0.67921802218723
0.5468498512664993
0.31085332728161835
0.7487951438948266
0.1530306088966178
0.002087877558487597
0.3010945743349673
0.269066538353545
0.764892154795577
0.4395792712452365
0.18473000833689213
0.42566258778471044
0.04461386916560522
0.03015030668966867
0.7043000432551912
0.15940677972584913
0.5722508957354117
0.8339120974702295
0.5058941276820449
0.30029737795482697
0.25372293694254766
0.5086400569173444
0.3096659737605884
0.5654654299813248
0.312362260395926
0.07701734092481718
0.30802470676434607
0.014768556663723542
0.558437289831868
0.21885816137438183
1.0
0.21624484817405557
0.7220200670526866
0.3726851459081398
0.2702992956098906
0.2576489307324712
0.6991350856627264
0.7815611580889102
0.8689381961578048
0.022023596526925718
0.2475870892922661
0.0011881946804329416
0.6872041319037865
0.2060873675067937
0.6803342910408988
0.2834243768307682
0.03430159183327588
0.009096756788540855
0.016977407369377983
0.0235376926707315
0.8967057280832497
0.9055827625526253
0.009019597598162643
0.4619092536482219
0.4362567602070902
0.8591362050882049
0.4638837223898637
0.6694916216724169
0.23504944206046893
0.5077454176488654
0.014267428358312705
0.7692658530131494
0.049540510137540315
0.6867326690761558
0.29315808762407825
0.011541248502981263
0.10138993029689042
0.0
0.0028377104410084015
0.023154893884536513
0.17916964316987805
0.8710770947327888
0.6635344236929943
0.011056348606941921
0.030066011073613026
0.18275325306736342
0.00862131333767844
0.7837917024852628
0.39000671739442677
0.5907674705811726
0.026141537994989392
0.8719127491203187
0.014596846629623005
0.6885637040330875
0.012209699566067147
0.1433836901394633
0.009402017511099484
0.5617705482043353
0.00880728135836842
0.006928104681419586
0.07517580851099387
0.01753888062908994
0.45298801935854655
0.6728508026791188
0.5024573015855777
0.22216750532470372
0.2970971055406373
0.5707760175803614
0.6483245901125458
0.41205420082609506
0.5839677823003389
0.5301488971664177
0.7886115359124553
0.02003524649054371
0.6405508904655103
0.6847511989397977
0.2391744364163185
0.6212335443029581
0.2276338004670835
0.7434735667077295
0.0
0.2847394055867542
0.6111945728861654
0.64596101619377
0.2897106123120419
0.003266776848688964
0.41493744656115544
0.002387277351127518
0.1867126708797535
0.12026112852069404
0.20373144814028346
0.7221322295968547
0.2278654015511156
0.052596469311785195
0.7821171008706252
0.02162217946758364
0.0
1.0000000000000002
0.0372559088491398
0.8695824506149997
0.6794784997941665
0.6629655233592854
0.18555988412942911
0.2770559009613696
0.028089055725362147
0.3199317258300383
0.04404744708187427
0.01757605892546813
0.47044494503556494
0.3555958360708676
0.3566932250676525
0.5631190700066222
0.48591843309558813
0.38341682592523374
0.014753037342606348
0.08964951178600289
0.6486366403307857
0.08822859246412838
0.03304061643748469
0.36163822325004946
0.5037999563589023
0.0
0.7962279795159608
0.02173814236055445
0.6537851474854884
0.7562898363183029
0.2004295619434023
0.6181212152034171
0.0
1.0
0.39674673545935485
0.36373049445695566
0.3914180943764607
0.08633601587886382
0.7585783596537975
0.0024202888877809764
0.01866767995131436
0.6872346686182943
0.1761530888220223
0.8553882558230667
0.5707760175803614
0.11382590762473487
0.596705253598945
0.6889230897424414
0.6298953000000412
0.5279071135657075
0.3495547838777007
0.25149788270596135
0.0717696777388461
0.011217476629894155
0.8442634329782779
0.7889324157715157
0.5572755646860473
0.5806788248581224
0.2775947830412611
0.8445632109346745
0.03135159090848227
0.0
0.0
0.0
0.8760070167523866
0.3507020712077476
0.3903961760895686
0.2856889054210848
0.18404845627762892
0.7414478419510901
0.8561333909920319
0.5300750858266229
0.46883296601292623
0.003221531512720007
0.0
0.06921246409773336
0.01628235467196053
0.6517511680537672
0.015254856262403619
0.0026139172678568204
0.03276430474380435
0.10385404221307108
0.5293065439176824
0.7613309993128644
0.01709784254456224
0.0
0.0025948053385816735
0.05263404192352422
0.009660442531572229
0.400381539432854
0.030882732440496552
0.22368072221869453
0.1377325385116848
0.7572166527201194
0.11525111881785545
0.15056609622001949
0.4062258957337184
0.17528575552847844
0.686322619076257
0.255755195832447
0.24872386551193634
0.02997577714002161
0.03773304861122406
0.025933955055127484
0.06011810023219222
0.013522113898080126
0.37980552207890933
0.39466160770471276
0.6782455324199098
0.20650539785516853
0.09216866957474419
0.0
0.0
0.48987925109319447
0.005368731244513262
0.6852755400493656
0.5311900364064971
0.8958108652193855
0.5915287975469128
0.08325805260020386
0.09714256692194723
0.4291083086822624
0.4969485535376512
0.0424499859765197
0.5275346894121719
0.2527550749147578
0.5618268771664738
0.018053415153958943
0.361366536553358
0.0006230399547438461
0.4702659461236965
0.12001795739019167
0.14599604595847657
0.1304503747054692
0.8362329562563265
0.8419440042966378
0.7673591715346668
0.18724855318673214
0.8361139148532558
0.062517225297763
0.0
0.008537284814780114
0.5577650505390191
0.0014361913907187183
0.03217754658030348
0.2696873016332014
0.46896182392255875
0.05998712304128667
0.1507055407705291
0.1562042493313077
0.5303064267731897
0.3526675430965978
0.7538585085792393
0.0
0.31848507094390605
0.3923440048909898
0.0
0.2571397593842987
0.6404310655128022
0.23319308501923483
1.0
0.060534713132909736
0.8644034430896136
0.6710044991824914
0.12267062107193065
0.7748828353970351
0.5303908872741322
0.14448737563481132
0.5000437843638043
0.005038344387155551
0.136716743770384
0.8279354744796389
0.03190100967791588
0.43570617201577444
0.04431305608842945
0.14448737563481132
0.0049456809129697415
0.05034913144215497
0.5444434588824375
0.14448737563481132
0.014676288848736235
0.01086230846190331
0.007049558118918479
0.05556068371031081
0.015897719363251964
0.0
0.008895584776521867
0.03146676912022527
0.028922500980718413
0.01607554688649515
0.012350520621265635
0.03022033336896725
0.712215549848518
0.001947999537931304
0.6933797633450706
0.15441270015939051
0.08856912490640041
0.13241371717478495
0.0
0.8902117991577221
0.5826441188718214
0.02837376756574224
0.6018178531839958
0.6087639672203684
0.4044979971275364
0.0
0.7887766105564701
0.6274025351797538
0.04628133220122068
0.5790188951496241
0.3148738676088269
0.11333348594355457
0.09103630162894609
0.007207010534764244
0.80369166618238
0.027580672595500278
0.1278543413256789
0.3789886536357088
0.5196100033745418
0.11711317015719296
0.313284427892729
0.8767171799790346
0.13903184777521696
0.05387033199071231
0.050265414953239294
0.4859259614677069
0.015350831689522679
0.7148208539710952
0.010191166580640346
0.6709141447318824
0.008223124717701261
0.1981468327881403
0.2360035326811332
0.5492886044350033
0.07531319629622567
0.525941428015642
0.4243153040395758
0.009853511261189636
0.24385063970264795
0.028782723541051953
0.20712791219775253
0.24400582975719198
0.34507780649892944
0.8966888601321918
0.5273706562812351
0.799264713059192
0.43798805265074264
0.6009419048763346
0.16729802607821573
0.010013384713329314
0.3304295960348448
0.0
0.15614128668736574
0.20072253601109033
0.7955674283665717
0.00720314896880728
0.0047813723466538964
0.0
0.015256129080673862
0.05617358225631569
0.019416201398263777
0.018068398862364495
0.016817839502470882
0.004415461730026486
0.005717640972200812
0.007711962548647803
0.534551943143628
0.2228877165550838
0.0
0.6001457651278481
0.25338268336639785
0.25338268336639785
0.011101265970855848
0.09332194280210022
0.02029451014947479
0.056325600042348684
0.41187087994296356
0.0
0.04553302785708815
0.007638892796872142
0.3125219130310581
0.012397950522352805
0.00415274577043897
0.018216616539232084
0.7425602152783491
0.7981337212646852
0.016442402283734014
0.1501057202790878
0.08835677997227137
0.0025827265224547115
0.001427815353652143
0.030309440659963147
0.18611202847202624
0.0015546399705285863
0.006093465203644716
0.05809327375902317
0.029731364737563496
0.023294945460045693
0.8749111882758585
0.003985106502859691
0.0029284769770912713
0.009016055365558788
0.0033443354389446184
0.07951640036582354
0.0241625255493045
0.007833910466630014
0.029610728054930677
0.0
0.0005337058998861094
0.06673707108942521
0.0056074902375908885
0.005071313730925006
0.2739406679463111
0.0
0.014344998506978608
0.0
0.6940674629967326
0.2577510203245997
0.1320082258367716
0.2044580049816989
0.01795253740023994
0.9492111439238426
0.029185582730847332
0.2347406356931785
0.027152221253696148
0.013412945539204989
0.46298882016281917
0.024826453388441982
0.6325395676220865
0.00885142645476148
0.019075821268393665
0.342185856010077
0.015043351245552403
0.0063956834954057955
0.052464484935645456
0.13830833544380955
0.19927561115848189
0.7098820623837933
0.02160396575273177
0.8263551625212431
0.09588790178199247
0.4754219482653587
0.06088400998578302
0.8400288550844222
0.06733962315082105
0.08965788915143934
0.0022628347677228246
0.4049562073862279
0.4568934287518213
0.009625382145804903
0.010067528918740866
0.7134552432444777
0.37563848990847576
0.0
0.8374893232293193
0.4832690625965446
0.026344776064278264
0.03194200345607489
0.014854159178256799
0.25306611505950233
0.015417829342291238
0.6620039875930794
0.12534230417736805
0.47078081749831774
0.5509919480056787
0.725204356279602
0.02288117675921521
0.03773920463930373
0.34085088700991534
0.16471709706437673
0.23818850838323127
0.7105862826943051
0.006667208526217789
0.5546514687560581
0.7262803567716042
0.07783511689335111
0.02464414511914775
0.10734118722103674
0.34773799552487294
0.035363295467195605
0.04440618012828388
0.006133057026025031
0.6775999362515521
0.24994706456424312
0.29362053493880863
0.18600456034397075
0.04555558613392394
0.005893446241149281
0.021395188051654513
0.6771853596695715
0.02823235267187249
0.17731396956496
0.3352909261316255
0.03900353530363717
0.05075136581681929
1.0
0.0
0.6155636265023298
0.18565301057673433
0.04450722539251927
0.0019967934411057584
0.033059655019521184
0.015178345011786297
0.19256216899179002
0.0020293027343419277
0.00554555245057705
0.13244435222268836
0.03483874246445549
0.8542241374913614
0.056307775030969655
0.026593901988774815
0.01579113372393268
0.14613861542949677
0.3151991544734494
0.32454080822617665
0.4917633377408864
0.028183937634878347
0.010906792605879538
0.2245756741614974
0.06068571438095258
0.09031897633562451
0.010887160691964924
0.02902403503957041
0.01179329998120933
0.007236728939918078
0.009341632822053999
0.16441984922590966
0.020158181722698797
0.005631399538310143
0.010591556442476315
0.1407493366366108
0.034820819984750805
0.17502484922863837
0.4559668070354
0.03777137599962691
0.004921489462776371
0.6409880942853423
0.34504298266315986
0.012437108442237004
0.003111398212849744
0.036957101376745856
0.025909342641736235
0.04393590000428002
0.13962986612677425
0.026378694074919492
0.10407368366083257
0.06041160418511138
0.00673574532367545
0.27663996261684504
0.019220896813119396
0.007643456520545104
0.07012150575462582
0.05711710255272851
0.006792525957767491
0.10449702967065218
0.14344127424051759
0.02669632297252644
0.13428116840692536
0.0016822119019625859
0.002690863995320975
0.15059978437994379
0.02165537581221896
0.13436924588038482
0.8088568480117174
0.006846095173912222
0.43111745211164143
0.0047548286170010995
0.7505702787971482
0.03242618999092927
0.013375701417522387
0.09537576071876479
0.003867635899098056
0.05470305319776164
0.005172998446862636
0.013616339617027297
0.08326101237658924
0.0
0.7579857169420648
0.07763417483332634
0.5163131688092634
0.00993074186965092
0.5878325118783911
0.5422320848634229
0.7696208869262825
0.4490307988149565
0.4748751489796837
0.2322570871717713
0.5513000652294201
0.04934518351187037
0.6091845059500861
0.2623368620047082
0.5385118310054331
0.16909343349242656
0.14925119844622092
0.0679910452545764
0.15732050951862545
0.1933848559538938
0.0
0.5502495095916154
0.011785500201521672
0.8545325758106105
0.4579246818321976
0.17798735124541332
0.4697826583860567
0.07309396119977342
0.445189593275281
0.3852438290838851
0.044302598377363965
0.008163500411585903
0.20321770757946966
0.022404372571715108
0.0790267916471631
0.8491591348716677
0.09114127368364221
0.0027927079568672696
0.35968109508487384
0.4973901509540428
0.0828382084534146
0.035891890410737905
0.6650914447746531
0.004485295830817322
0.28640911049174084
0.6073472557881318
0.01130306051395998
0.4147973370036457
0.09107319276584491
0.42144005262770046
0.20291524041043718
0.747951025954995
0.05815393240010419
0.10630742082361916
0.47377523235640867
0.06455158240625965
0.7145389465803834
0.265327820812741
0.21216582692673444
0.20929504642976351
0.9268902682932291
0.551933177766834
0.30541596067290333
0.7060812433289049
0.33921435309855963
0.48002766502426025
0.5418253648265268
0.7727011706343699
0.030512757565280532
0.14959837868424944
0.01317437012955519
0.035107280591636536
0.22254004617836856
0.2891845102740855
0.0016941910092827808
0.36285578055965745
0.5678022297285377
0.3016477908886858
0.23767305540915165
0.04424836534403328
0.007511813286717341
0.20672774180522105
0.13857944019242227
0.22304166033621162
0.4307912787078627
0.08116085903928737
0.25037991514666497
0.4108630500702337
0.03199431523808268
0.013782204491256394
0.5311127102535554
