0.13654959419720555
0.3957782269541929
0.734437115620999
0.06781427446227799
0.6522700705147386
0.6304462763047524
0.7023924242660515
0.034729046553170995
0.27960991820730585
0.6549299057232222
0.3614420081302909
0.18116686847420377
0.02285678249192422
0.20282961483439996
1.0
0.1258936923588834
0.3588695815727733
0.02182251044025258
0.07669727657141835
0.16989482478750761
1.0
0.0890701745141459
0.027356313494715033
0.525475457955202
0.792256341154586
0.014169895455188984
0.751458685364615
0.21324260907166878
0.6175684771975285
0.26871353090958555
0.4254002493252996
0.5222961233464122
0.00229047255784797
0.04672987670730985
1.0
0.004405834165468658
0.43871042245792713
0.28149795936240857
0.004360348979117203
0.4144193179165465
0.24985979970642513
0.0
0.26956760029931437
1.0
0.749942801296588
0.3268252433050043
0.7843984290658081
1.0
0.2085183990777186
0.03702863781758337
0.7407010833743098
0.6885720605137089
0.1902699728305479
0.011099919788688536
0.022238543895454675
0.18059402972262756
0.315530858862952
0.35747490639146157
0.2838008020417875
0.44255485891734087
0.543462549541465
0.3251973552687152
0.868178417807489
0.07685686088186922
0.11074405374133309
0.01814537865972184
0.022877810998539035
0.7120915236775512
0.022479803831019576
0.01143299541543885
1.0
0.5812635997347413
0.029257668258509714
0.24626083660113154
0.21724051943463743
0.5732727650964593
0.011536004855356732
0.27475015095138633
0.36126455324503864
0.11630520653044914
0.003595951829500396
0.7904636714679535
0.258082809608595
0.18116025934331265
0.02745581034544232
0.14462022372118188
0.5662640905302512
0.5331676017424437
0.19586079059288708
0.03604445534126141
0.433000182263309
0.021295340015172595
0.08846122647719235
0.04623299514662732
0.5714978969809564
0.3785249227906465
0.07339168012840105
0.23408813391153163
0.1463021992763172
0.029738338629403834
0.6635100113694
0.45552904532071065
0.5713644593607485
0.6549299057232222
0.20374408173949207
0.1610118170267926
0.06960552457222101
0.45853898016682443
0.37346620097359357
0.29374829857975127
0.39319094242609953
0.09725276004150203
0.37314061328470133
0.24798375619375393
0.520395564321073
0.3967982370614781
1.0
0.16506037530205145
0.5013406444107299
0.12546909096256065
0.6155896316830265
0.5709194386345331
0.2568481616907527
0.3374861011466446
0.46436181730918585
0.03868951405950878
0.3917484153368429
0.013260980129115543
0.6111289468659289
0.1600081335895214
0.3443095559082774
0.34268697451121793
0.037064211874143424
0.0231619113227409
0.11406344417292898
0.01106184553670463
0.7899457818519491
0.8279013638917256
0.021286896893783172
0.04650120694538591
0.2919644394224951
0.8170258925622289
0.5807010414037751
0.5297845486197952
0.2994568980237322
0.5155612923399259
0.025430621862078458
0.7860015858118167
0.5870800974550507
0.7179572259011808
0.10380300896129918
0.012886682730427139
0.0426395110157801
0.12157049561414256
0.023976506302224948
0.004978929645660661
0.00046780381356046957
0.4672119786183037
0.5211957404347229
0.0
0.052664686019655974
0.16892286503456214
0.024640993265095532
0.5027887739850746
0.3943521682091281
0.5904441932060168
0.03845697612846083
0.4673744333522568
0.006238223619396822
0.5164488133013716
0.04001172048723551
0.04273674256093434
0.016231310595992206
0.714546381704747
0.02792376387107448
0.05156543023127026
0.014604499545531854
0.02328036693154263
0.44966201445703774
0.306001767372898
0.5088879760541019
0.18569819549571145
0.4387312676085854
0.27563253974602
0.538758992728599
0.3391830145700002
0.3425290725963306
0.5292293241833428
0.668119768795602
0.02536501726273139
0.7807996200822864
0.5548349454218556
0.5693314897664326
0.6925269444534692
0.41067954161559195
0.7945391909280186
0.012173540121424856
0.4834000926527396
0.4628466677284802
0.5064702385059756
0.31393645511390056
0.03136541223720989
0.542340155980372
0.035634446445242156
0.22859858127735933
0.24970347792605388
0.09784635203556757
0.5784044121234924
0.467351469877174
0.026439283179345244
0.7954958705872802
0.02737374157646527
0.004270807087277979
1.0
0.08555542853408779
0.7684874796454271
0.06862881478588873
0.7436238597837618
0.15471416522260018
0.06959265130686172
0.028743096754329758
0.19048730818453927
0.019864613932074678
0.06250016503168607
0.3605694388074939
0.5301991704349186
0.4991826336509395
0.5037855327856787
0.5662333864350171
0.5561447747876005
0.025205803388898506
0.019244410885882846
0.6660725628977078
0.522734851776584
0.09546193441324285
0.31667666770483655
0.27433700377813164
0.03921824788722062
0.25803725722129317
0.024215958675649626
0.27004319893818923
0.08581520946677845
0.17728233842015448
0.5916459170801392
0.264385113856528
1.0
0.4461511022915627
0.48677951118681784
0.06417882340644399
0.1095189831080974
0.8026985162167699
0.03313286271633473
0.023654918529095518
0.608427821282393
0.2594521657126053
0.9122592346561602
0.27563253974602
0.11829586271893383
0.1411484609659054
0.03520697486795205
0.7521003648193241
0.38690167346907517
0.3799819917012575
0.123853262318381
0.02845338270730901
0.02404578092071393
0.3564694718567174
0.0891240096272103
0.6008617561586237
0.38920217684556446
0.10887351824991476
0.5569806564740445
0.019707995295947685
0.47736246587320597
0.004985882496985918
0.0
0.5880321827157513
0.6583672129544865
0.28115965587434977
0.2647332150016672
0.1982054998809115
0.5989206779370073
0.8065461357549722
0.34383429269981985
0.18999887053746486
0.03222410390896944
0.013302605044041415
0.3237939344209445
0.014252328581261109
0.41309606183357195
0.025826398828105637
0.02628404388155244
0.004151786020008185
0.09391093334398079
0.39919890160815075
0.7695369166216495
0.04037462768077068
0.026664229894369094
0.009277370054245008
0.010442849549105933
0.08274455378098201
0.6536578300881235
0.028199926592504792
0.3313757701637611
0.2764028331706446
0.4589679032044566
0.14179094987109273
0.38918249661416027
0.4146310367453395
0.2543780118722632
0.6615283487185815
0.37466261720278016
0.3871005781194433
0.028774905652051957
0.04799531869701097
0.014227948667864497
0.09767276438403723
0.005827367636718206
0.4744436163670618
0.295513688736693
0.5719161386755931
0.29930265141619045
0.17728411615899944
0.009929033427052543
0.0009401446155589937
0.5414500210458151
0.012601047293406244
0.5124796772237155
0.7890901112548534
0.6422176610942899
0.37944084526193483
0.050185026657154214
0.20303945676567792
0.6597670784600131
0.688009067176876
0.02360793148365706
0.5050417621433887
0.6085533819528179
0.5790313381692025
0.09544476869353162
0.2860852555797718
0.004739718749013833
0.4899193293446743
0.3086504696712323
0.15531177528225878
0.4837115241351575
0.49475884908964457
0.5781744630780433
0.5129053492812438
0.07301585039037031
0.2710271498577956
0.03927394816419041
0.13224561446876787
0.3847467483482562
0.5670581660070002
0.011716407567880768
0.31129843364882304
0.20907886452440094
0.2245392670537512
0.00784073965324493
0.0005675068725764487
0.2804175176558577
0.6785794587261466
0.35919015169498253
0.6896917081450004
0.009233200452064771
0.2532980852988632
0.28537335943115555
0.015852696059250743
0.027858071229851962
0.6414682883294942
0.5423862308622865
1.0
0.2084929208871534
0.1813260119245032
0.7640340597641709
0.05308641137707212
0.5667628640607171
0.29256046816593806
0.2591056358810459
0.590028211916903
0.0699653851603541
0.6163003900243169
0.18298755292969077
0.03382405437322176
0.2696888904914356
0.004441113391599335
0.2591056358810459
0.004304132410711469
0.008257636799735311
0.41641823159716645
0.2591056358810459
0.016337177950333678
0.018139742176747967
0.030183580231843296
0.12487406509832033
0.01709330700899811
0.0
0.013269549250964428
0.02381671620244899
0.060466248649248475
0.010342199240653667
0.0025648977386468247
0.041580440820588496
0.44042323375833453
0.0
0.5610704782552809
0.2221364499133467
0.019984828553642107
0.2245607586461484
0.015252660988749545
0.8578922306512708
0.4058221627714747
0.02644214756074604
0.28159100800301096
0.43077577928777067
0.1097421831615909
0.0107596542237895
0.6587992551074302
0.436179929274024
0.061444488525652693
0.287999559180981
0.4016616229699133
0.25399710820547605
0.02128863731424253
0.055382541149734066
0.697225638736998
0.05845289182455187
0.2083788234886717
0.5391456586418443
0.06954219398812148
0.08126682343585742
0.6483092927784518
0.867160844794521
0.09173516848397856
0.07135997448379876
0.0930036248486101
0.21515868264448923
0.0018059883539371074
0.8029935848508485
0.01139182108758644
0.277732802871369
0.019869140256965317
0.19602972607718824
0.3550658309159028
0.3788894264468274
0.002010814799288334
0.6884700687069623
0.38504775654411527
0.14028145167761694
0.33566004862060295
0.10554250961674304
0.14275087476925388
0.16800686874992787
0.2316970883127546
0.7846002542135833
0.6391537860737105
0.27585203365910493
0.40903896568632664
0.39325487324262537
0.4701209709197548
0.018232390885624575
0.20710340446612593
0.0037326717672665276
0.2927928456262804
0.256186638305861
0.7872744087077148
0.003906551995715333
0.0008971629355186921
0.01024925987554504
0.0033172147440323784
0.009011187313482062
0.012078098087212693
0.003413092616199191
0.02248383737371877
0.046105661806149174
0.015155660454737612
0.047333172893043826
0.37110607711973226
0.034412038358872014
0.032797005522129476
0.37481514287439865
0.13890430017820432
0.13890430017820432
0.03399483253114546
0.14811309878921705
0.02803959422002189
0.039956874873743324
0.25769354576713555
0.01325546061670279
0.13409562555994212
0.010620679519351082
0.2285945111751009
0.03738596769353473
0.011395169429203081
0.08796427563800327
0.7174181556661035
0.7796944201807838
0.007018464483749787
0.17947783169534848
0.13759286640147564
0.031086025382389942
0.004629036259982183
0.05528933412323973
0.08483593167739094
0.02124560368797732
0.007110910265964111
0.07381176671403804
0.015208137337824982
0.020402464688719268
0.2734585915611782
0.022561053719003413
0.028927160936965426
0.11531193128160039
0.00844158457314435
0.20293452425554226
0.021300617279844863
0.004338221815742956
0.017206844461639014
0.018275841044457706
0.025873292548394107
0.0240963025269809
0.005807879016692112
0.03651646180060148
0.18361739439348912
0.020779857751213167
0.10144076344572045
0.016557525561662158
0.5791403591813548
0.3597441386769368
0.06137475660820674
0.1909379301767272
0.008408820493813546
0.8062054317756795
0.05962956029171583
0.05599900252416872
0.08226508131634054
0.015373615034683005
0.4214972049998584
0.04142434572135696
0.7306372089341252
0.038416233633601714
0.002054402399587042
0.38060572050080294
0.3745810200971199
0.008393241733899437
0.025844108166001894
0.25394490199645575
0.5922715835250841
0.7104165265088604
0.046979352478437486
0.7672093552968031
0.22110417500453253
0.24286145690273328
0.03274122419018521
0.5381086390346836
0.02514648941422077
0.09439341172462118
0.030259013063618948
0.13328555443234769
0.3968042332468151
0.04015384967725507
0.03094774903435721
0.7729920164506378
0.32415144631278414
0.0046253972200349215
0.19847708197196354
0.27274166593576665
0.09246777016774954
0.0227210083430574
0.02212567484883866
0.16685561331170953
0.10908620096599984
0.6289579357915149
0.042034742611749644
0.46428665873814223
0.4449968304107864
0.5901968086717785
0.0308468697504041
0.004633323590082028
0.14162389354209814
0.04568803681432199
0.5509680157084887
0.5300303845483034
0.03423442484122745
0.5947715476253395
0.854692337729897
0.08334066597464822
0.19850184955653258
0.02211244400442656
0.10281842378112256
0.016145273683625377
0.0549846200092079
0.05272025942305351
0.32112876010185387
0.17175598607589926
0.2568566933197018
0.10423559534625534
0.06803995418308044
0.007511984703711172
0.02485050938672659
0.7588110405666157
0.017461551744101703
0.40741047873330083
0.45476669993341917
0.11700621032131592
0.0539801655537477
1.0
0.03426594367735536
0.313290746261293
0.2519380346682519
0.05738440933474252
0.00443945478675354
0.004500588788448177
0.03441096204042033
0.28035673426897084
0.007328296265387709
0.0869031256734934
0.01143267495254235
0.03249878479035604
0.693334420298108
0.07253716088906616
0.050982939672954836
0.021254285993436244
0.27376657769128215
0.10696994606885116
0.4313863887302424
0.24658247045868212
0.016600806550184765
0.08708573578045838
0.1552189470884205
0.07381900244567634
0.1083958003994574
0.04970627352754478
0.16848215757538326
0.021502886094277952
0.018456715212709206
0.03456576720691343
0.16885339146555017
0.004884462466358568
0.00845618975490326
0.0135579071545713
0.4852213467165432
0.023179281485714374
0.1428682908008066
0.1786840190842186
0.017994806230137102
0.024997833241328052
0.3698809922006299
0.20126458984854376
0.0587884478024931
0.004982868200234955
0.03613086146437409
0.005326405122736799
0.0478924354273353
0.14027292478348732
0.0243627093981303
0.009191065408983479
0.014438239447183698
0.015450262918169791
0.16794258794318798
0.029286140081987568
0.011398707215780166
0.08498877361878385
0.015808101385453133
0.015427142311003375
0.036346580596483755
0.29266114580282127
0.02521255925765068
0.2075141460418639
0.009987001665587771
0.004089930936432095
0.24726431846361413
0.060534840176620835
0.13162696714745248
0.5248447730322916
0.016860471345899453
0.2141759392249022
0.004026138304379546
0.49881734758641216
0.008352308189053772
0.023817796725168816
0.039733930056807754
0.003270951682075758
0.06140656073709842
0.005272533743611561
0.003892355441659571
0.1132708558889054
0.0638035570710238
0.31470951094294747
0.042292698750064035
0.2951947456641956
0.003988928096979415
0.39882078016479644
0.6539440759089612
0.747942670308361
0.5165615091299657
0.47645175875510287
0.1250033663546958
0.3254846422151182
0.4334440745083384
0.3854913692365982
0.4017187291188911
0.8087767733571596
0.46938300398707206
0.197003920817472
0.05769193388778478
0.2391277276854255
0.21348768019383
0.029317938871609633
0.16019136831880668
0.020452354922848966
0.7925205143703101
0.4593425950953484
0.07812392073965427
0.2973828706970422
0.03399708466615808
0.1583819496985283
0.115586011632966
0.035188624448066926
0.012935247655621948
0.16836616280297345
0.05968627153040689
0.2797740922761413
0.6532422127474828
0.11910577712461841
0.010032227088685123
0.565656647854219
0.4006309617686552
0.008399297025842698
0.034627694231656014
0.390434281523002
0.025027018888910235
0.21744059759235596
0.29611916611794303
0.011320702624399782
0.339481902097032
0.04881405007369263
0.42718573211429045
0.10272448961149364
0.654705138478233
0.009960793667530412
0.2774043444829634
0.3607542721240505
0.0803170566608568
0.5936684934435421
0.3966105613733992
0.28797701699403916
0.3297180744933948
0.8594599213070908
0.648936174447181
0.18456501365367012
0.28696216631912375
0.1906964822245553
0.32794355086024174
0.5620082519401263
0.7530484823289947
0.014717385638618085
0.19692667458919932
0.019135185561819427
0.011537085281258191
0.2583660463986746
0.358387774557744
0.008718319411891582
0.31683987089763416
0.4729294786639155
0.38895622210460334
0.22171906288892346
0.10417322916442384
0.03033229724318834
0.3007641782196385
0.1385740241341953
0.4399456285980076
0.13136504587477468
0.06147165064040302
0.2463569622338296
0.07194719545453078
0.12172181101061748
0.016872187919110996
0.5447255799301834
