0.0
0.22254203994007912
0.5868686974513232
0.15458477674766305
0.6315653547691927
0.6094304662700664
0.5669471632037456
0.012520316546573032
0.27123394902033116
0.821617731552894
0.35581282428088323
0.11514074156461171
0.005376872840490335
0.2546346055471453
1.0000000000000002
0.11892716813308954
0.8180844281434224
0.02788547727360124
0.08265200977742375
0.28418629603033535
1.0
0.03181404609463724
0.001518002116551932
0.8056615186689484
0.8493245040522212
0.08385504293361512
0.8148257282718038
0.5914721266073695
0.4444781974468305
0.048356788609746494
0.6206758227866046
0.5275742960550537
0.009138501758747785
0.29487912565644464
1.0
0.012173737731804527
0.7598317486038658
0.3485517606375126
0.00121203271020824
0.44000995983942454
0.2600918741554639
0.005059957608661938
0.835496776051239
1.0
0.8132274210129427
0.06226417808112402
0.6476607199753642
1.0
0.16875997928902717
0.2757260911258851
0.767280837320656
0.8266124737255186
0.39058070345514795
0.026488969146436725
0.032789370078304785
0.7393422500806415
0.23427256643643374
0.7963638858735353
0.3100088393110835
0.562734454335769
0.7349220944542433
0.4327883003646236
0.8792880256719491
0.14032641001121193
0.4014752422957281
0.023430437798138807
0.12869218903312962
0.5779787690480815
0.010234340772560475
0.0207341992481998
1.0
0.6821037961311737
0.006420314600910384
0.6068017084062701
0.417965963308921
0.7966390651666686
0.006358744161461015
0.22361164830957386
0.21771557233580097
0.016424990430802373
0.01623950648501013
0.5309870992545919
0.4837850684056322
0.014411456592499327
0.0
0.5395756214189517
0.697189974251001
0.5446738106981456
0.3215710380596653
0.7104654644578539
0.1543738965033201
0.0016703020467900777
0.2668789371321269
0.21860251942877493
0.7518764940320626
0.42802759352038405
0.17816278505459662
0.4550771732315218
0.04784567231802014
0.029006314770216556
0.6877424197669891
0.17733676835668077
0.5639406101028074
0.821617731552894
0.5141101133477568
0.2909773909568924
0.2498024793749874
0.4544814099818782
0.3087223462018833
0.5528801234449006
0.33023751175659494
0.07047876991666027
0.29201348859052917
0.011814845330978834
0.544144660301761
0.22589925902509533
1.0
0.21317514700780463
0.7183954921553422
0.36764392428443055
0.26041435595595064
0.26840008583859665
0.7147870664783621
0.7964322622895019
0.8623265634367369
0.030721173237948297
0.2462230432748361
0.0009505557443463534
0.6403480475691025
0.20177639686034388
0.6705846545900014
0.2601271799487862
0.03691188204617229
0.009011446051724138
0.02473345825949305
0.023310166002585085
0.903964990424128
0.8958400047070143
0.007781117080162444
0.4881658459683957
0.42699112597634487
0.8518989879652891
0.4754391231393086
0.6653376516218966
0.22790967512633045
0.4946610286207113
0.016655126434654124
0.7550424391114493
0.05986471883607932
0.6630494454823105
0.28186754527405694
0.00923299880238501
0.10287159503994965
0.0
0.0022701683528067213
0.023085600228253268
0.17291504160934595
0.8641273309028125
0.6606031567690488
0.012629369481967235
0.02942485199800535
0.1776289390062185
0.007970314770565055
0.7711693938521597
0.39129414794746553
0.5922278442187127
0.02597130650002673
0.8662069579569791
0.012283401186763888
0.6674541331854317
0.012002925345460281
0.14828889814478244
0.009204937989082703
0.5245542368010913
0.007045825086694736
0.007750066671929908
0.08310930693961356
0.015450935971280699
0.4765920607518478
0.6571732368403217
0.51099823761327
0.22487588592636729
0.30351766440775535
0.5652973208618481
0.6266251606308729
0.4085025745801612
0.5945232049427112
0.5114340518429967
0.8027134989113764
0.020070983724536605
0.6181982151473951
0.6934757299801337
0.2527482788914962
0.6144990205749095
0.23945687581737793
0.75903123348653
0.0
0.31838225595384734
0.5794847468739874
0.6412511881505831
0.30714591906433725
0.0037181056490109563
0.40545323099368663
0.0019098218809020142
0.1819355428866425
0.10431069322625543
0.18599842280568202
0.7086753757731011
0.22112754671616253
0.042077175449428156
0.79212432881403
0.021624007085555366
0.0
1.0000000000000002
0.031131840761628417
0.8627606231092422
0.6971234314733521
0.679273785802667
0.16780428280398654
0.26465811136124556
0.03468153037058667
0.35178249022414854
0.04001684066607973
0.015906958258557997
0.4492129887806599
0.34643575935966037
0.3419880314733426
0.5341662153553927
0.5113891124190985
0.3867243687717585
0.013910660559391313
0.09132153442039527
0.6414871697895997
0.09125350993786328
0.03531373256898778
0.32381770641662333
0.4716821143744866
0.0
0.737283290986093
0.023720147485888018
0.6565058579588076
0.700965843925119
0.2403819096676633
0.6065392551858662
0.0
1.0
0.3964912945178803
0.3716300779759552
0.3995590170772337
0.11626980875937216
0.750299538783757
0.0019362311102247812
0.017598620129479083
0.6820662076277116
0.18121283598829244
0.8345070152647841
0.5652973208618481
0.1192005927079645
0.5080515105417418
0.6811975775054367
0.5856813566382931
0.5379266019136548
0.3435920409602074
0.25371132298062976
0.0723858625050361
0.010793316241739534
0.8493246493050263
0.7641156786701653
0.5576891281610986
0.5564684792670171
0.27951434190672125
0.8454184007253418
0.03147608319811789
0.0
0.0
0.0
0.8664041005479015
0.38676980444230685
0.3953368372271296
0.28777018806454585
0.17992376710273913
0.7209274719636873
0.8471642939565789
0.5231080563163839
0.4635103986055806
0.0025772252101760058
0.0
0.08396230484074578
0.016767744814188183
0.6613515909411585
0.014351339525635628
0.002091133814285456
0.03617664604547246
0.1145875440552338
0.5329265807513147
0.7429909520370539
0.015201593733976799
0.0
0.0020758442708653387
0.04921410301236742
0.011148329412515404
0.3993951020170697
0.026532858971410975
0.24066009635753233
0.13841224114598832
0.7465242103037468
0.12142309224921315
0.14246983101877123
0.4295982611551735
0.17915123864699753
0.6591817114039837
0.22342853723794384
0.23939097238656157
0.025406339443737696
0.04008154084353762
0.02387798460190029
0.05153874365270341
0.01249054336960818
0.37677860964333426
0.3870611021742077
0.6597634286251088
0.2143727135021478
0.07925244365206414
0.0
0.0024036993378073524
0.488149256379838
0.008078820329734828
0.6635474250645215
0.5210376437791628
0.8869483125382658
0.6010892743698053
0.07979205868320322
0.09152475791963723
0.41130797194577967
0.5152820341787473
0.03984483383938868
0.5360195593667646
0.2589262112353498
0.5865838199365607
0.01870336724807809
0.3168022212152476
0.0004984319637950769
0.4734881017460892
0.12202113967096602
0.14025867613595494
0.1310866736094217
0.7802636264348556
0.8350105243352589
0.7742968369436432
0.14979884254938572
0.7631262641318168
0.06417828844539543
0.0
0.020604648855153944
0.5425327999348936
0.001431507279907512
0.032401772916050106
0.2651622675565047
0.449155053617993
0.06113185667178749
0.13146963719705
0.1350982905377753
0.5887042891710057
0.32147714041396575
0.6678812192933129
0.0
0.31941798207016703
0.3868126892787655
0.0
0.25421885294147617
0.6193440497566144
0.2213253788033733
1.0
0.05586715872941984
0.8539450467683714
0.6678358114228604
0.12357736475349491
0.7782531529997665
0.521831364729205
0.19497052151511843
0.5000295864207164
0.004030675509724441
0.16699380542644876
0.8359687186325495
0.030221593406066
0.42929375831194977
0.04195529943016764
0.19497052151511843
0.005035487225556008
0.06973789952379482
0.5282318261946438
0.19497052151511843
0.017454676785266434
0.008689846769522648
0.005639646495134783
0.04932263257347383
0.014533918439151005
0.0
0.007116467821217495
0.029369273095757122
0.029498053665778654
0.015028885017125794
0.01219953411957662
0.043252824599666985
0.6930244351621826
0.0015583996303450431
0.702729065760727
0.15997979120010616
0.0717538438469625
0.1404379573272643
0.0
0.8832150283236383
0.572180681190908
0.025552998654571443
0.5917396251227103
0.5327572457877434
0.4055242198789422
0.0056448098662987166
0.7642027511377123
0.6027673611841601
0.04547500911183143
0.5931296321563827
0.3140219947820118
0.0919956075553413
0.09638266768165685
0.005765608427811395
0.8024753433640864
0.023157594508076366
0.11793007495018074
0.3112988246943783
0.523118990354636
0.11989020467456671
0.30507554202750853
0.8736194630766915
0.13539746191131777
0.053776947743047955
0.05775923581774301
0.4826674709902826
0.013969298139927448
0.7255081325710669
0.008152933264512278
0.6585258540732877
0.007600789555425824
0.19259338960151542
0.2505460095284347
0.5463180395423135
0.07471067812571694
0.5333930731765834
0.43582285496679934
0.012528391695431696
0.24497121901809848
0.03609095204171011
0.23216227529424202
0.27344013855256494
0.3659600292302665
0.8907092069173695
0.5291994705795635
0.7303160540201851
0.42139832452889775
0.6135425769462283
0.17141415091911666
0.00801070777066345
0.3373152567768326
0.007060819320892394
0.14394544986379287
0.22045164950296717
0.7912903277333385
0.006920194194027404
0.004140865191237763
0.0
0.015094470154803901
0.044938865805052554
0.019598127795836764
0.018466821044542222
0.013454271601976707
0.004062019696623036
0.004574112777760649
0.007846107881107154
0.5315939831106121
0.21518123741649062
0.0
0.6338823521261169
0.23523380637229538
0.23523380637229538
0.009234693372171674
0.0875927597409975
0.033759478655163204
0.07572159277291593
0.377260893827132
0.0
0.07198276236362444
0.007754029697195341
0.2768887422955146
0.012146218236604363
0.004200932908551767
0.015048760203018378
0.7265472151372763
0.7842953181294826
0.016933106254454343
0.12441898676096357
0.10083648803553961
0.0024010853942751293
0.0011422522829217143
0.037775338955044827
0.18177237502055163
0.001243711976422869
0.008273414467441443
0.05452336760097322
0.025921772964639097
0.019044733640003884
0.870996066590828
0.0031880852022877523
0.002342781581673017
0.04311159663158801
0.003616550320590214
0.08158191015007611
0.020144650441372067
0.008484583595769167
0.029081333790362335
0.0
0.00042696471990888755
0.06854332818664408
0.007175109675047658
0.005214070838344784
0.23750111784176747
0.0
0.02213362202215857
0.0007033107977041796
0.7108061253982025
0.26111672436504135
0.12082108690804585
0.1799978759158724
0.016019938695353477
0.9306305659683556
0.02822152381109125
0.22578835575592765
0.024665112269036442
0.010730356431363991
0.45972311830123125
0.027233287052526946
0.6447618719440856
0.011640113670260662
0.019908924176958807
0.3440061513142607
0.016356865896925154
0.005116546796324636
0.05296435711157931
0.11155203869830063
0.1989903855051498
0.7133087218446778
0.022678554907635252
0.819779754501106
0.11255069993932205
0.4362916669389377
0.05759338744536342
0.841359774273769
0.06742059277082875
0.08643503040513348
0.0018102678141782597
0.3992049300664894
0.4683834045980536
0.009308199088227331
0.008054023134992693
0.6982329426994092
0.37349812164938584
0.0
0.8096231184540067
0.4823017161742401
0.047162118988817454
0.03897713828640974
0.01703357732856466
0.2463056425914518
0.01560976941104352
0.662128959485673
0.1316235778747772
0.4719553194526456
0.5524521320790003
0.7005317159068658
0.01830494140737217
0.033516641927589665
0.3092861931541078
0.15640339365921999
0.2183392397749612
0.6864301989069862
0.006519792340916317
0.5521824818791657
0.7209106855366999
0.07224000366906329
0.022046682002869075
0.10180408359043862
0.33652068203390684
0.032316655103451844
0.035524944102627104
0.008324207117244724
0.6505333892613561
0.24461472187336483
0.2625332425117722
0.14982354736274733
0.04135650977819172
0.005183275571437733
0.021152884759809035
0.669142989659089
0.02771577421568885
0.20486185187843
0.34675101178180656
0.047327677797059944
0.04882714243784267
1.0
0.0
0.5975942601212263
0.22256046636898383
0.048219333101546843
0.004345574866305759
0.03789371028808428
0.014970849080752302
0.18283416579365216
0.0021772352231154484
0.00443644196046164
0.13248957076434295
0.030149991543306703
0.8670235006124951
0.05277543256908286
0.04252086614354523
0.01525655100179946
0.16896695721227856
0.3033463601752662
0.285560080749124
0.5036776125948836
0.027472742447120235
0.013627757002459684
0.2156213107327371
0.07042966717030155
0.07737914813467595
0.01170205279742722
0.0319839241005794
0.014893300380765213
0.006223157497748194
0.009744636264303823
0.16021072333404113
0.016126545378159038
0.0064529536375454956
0.008803650029015623
0.19271059566061968
0.029634511020727946
0.15115816709238758
0.44482007306070476
0.04110936193822382
0.003937191570221097
0.6164261144881333
0.34849233766414556
0.01257255469832935
0.002489118570279795
0.03353787322867987
0.029337072968091828
0.037583884049535984
0.13360263381698104
0.023474538510255476
0.09090908093237449
0.06039922777314245
0.006390051208997438
0.27644156758924954
0.019285959537312644
0.007203806518824682
0.06854684296565133
0.05300635162324689
0.011161984452443317
0.11470444028820038
0.1788922668239867
0.026864046009350672
0.1366280586998144
0.0013457695215700687
0.007193771100865322
0.1487490510268833
0.019442882494153456
0.1307151707178591
0.769998183465271
0.005476876139129778
0.42292480656881337
0.0038038628936008794
0.7479558880520781
0.033357997260463616
0.014015224572400477
0.09386842857711876
0.003094108719278445
0.060296628328160004
0.005899723974199877
0.015389718295219653
0.07061443519993589
0.006402155850362234
0.7923809492933177
0.08319285847504045
0.557414788886924
0.010295270669191748
0.5735637139433207
0.5256739932487322
0.7351052266160708
0.4738062800768122
0.48862298879924765
0.2335770056828794
0.5665042237352569
0.04771778974804293
0.5910467422138992
0.2863539318917766
0.5450100040394221
0.14865157317888167
0.14563356733572522
0.06629797680453452
0.1561541091002344
0.19943460723241896
0.0
0.541859805729039
0.01181636505691952
0.8583695048669036
0.47862355531933254
0.17708690907359825
0.4486993399140657
0.07579401885245368
0.45938622732885215
0.39810919311797865
0.04536646218389026
0.00808557544669063
0.22634605156220075
0.046551217793516196
0.06774566601184871
0.8265451072182747
0.09131964357284757
0.002234166365493816
0.3572828364722047
0.4962912891852419
0.09179447242061815
0.04087963902253476
0.6214790450011332
0.0035882366646538574
0.2931843193698631
0.6156480397922081
0.013340931021642329
0.4136328018293431
0.08222478505581117
0.43073123268890523
0.2076851093274852
0.7335866021620739
0.06895300389792079
0.08504593665889533
0.472296328410021
0.0643198339434735
0.7007412530760705
0.2688774455555816
0.24355715636760478
0.22063749694829532
0.918735768398098
0.5479427781367591
0.3142361167421531
0.6732339442513481
0.3445267455492077
0.4761912854934277
0.5275916722488175
0.7565498691158165
0.02595141725465576
0.15009484581597807
0.013925172756728232
0.03548177053916911
0.28119837378073853
0.32181815815569587
0.0013553528074262246
0.3797484782123005
0.550027285270961
0.2999888230064532
0.24163718103114426
0.05633997477700648
0.006009450629373873
0.2148914819625999
0.1419430376051207
0.28485499990723595
0.4159130865189313
0.08452694278389754
0.26814967440654974
0.39811387627390726
0.02984855010980335
0.013173514794826773
0.5339343706147908
