0.0
0.23616139214991871
0.6003064156393134
0.13841527244684768
0.5984156336863662
0.623741215692934
0.5532545921031317
0.012571881835849409
0.2840410757082146
0.8190698831882952
0.3769589045467165
0.13838445653805748
0.004480727367075279
0.23221564206171752
1.0
0.11753704568526074
0.8089234683989468
0.0280977629315606
0.09086061164279965
0.27384297950154146
1.0
0.02651170507886437
0.0012650017637932766
0.810831802251301
0.8517019013439824
0.0777336057890294
0.7782414205450959
0.6165580685601082
0.38395551477408996
0.04446946194733338
0.6184030833408343
0.5478065529380938
0.011014844415307954
0.27987570362817377
1.0
0.010988915491295968
0.7558218938716614
0.3463870241827714
0.0010100272585068665
0.4247697885339611
0.2760224635899762
0.004216631340551615
0.8204118114282477
1.0
0.8135812960232824
0.05992834759473171
0.641124323186402
1.0
0.1735228538611797
0.261851586875211
0.7798482866777696
0.8318615747860162
0.3575926813518651
0.025003676471896875
0.03436486669907283
0.7123082731635503
0.23559433686847708
0.8075362232161893
0.2976389368438661
0.5562903624419477
0.728845860860101
0.43389575601146885
0.8789047858686267
0.11693867500934327
0.4224479382043491
0.01952536483178234
0.14873815268934193
0.589967710948632
0.014161413566351814
0.018345693904849216
1.0
0.667220128551911
0.006069342323004334
0.6119312458080164
0.42114546631608984
0.7941126400718479
0.00529895346788418
0.2281271741238302
0.243893922080573
0.02102804522659883
0.014005278380009974
0.4998770619371966
0.4445602841859255
0.02495369231558668
0.0
0.5216118009027615
0.6865975376301593
0.5735927653849096
0.3251589836383866
0.7059288314794856
0.15856835543879855
0.0013919183723250647
0.25551994640413134
0.19248625779512618
0.7620352892108828
0.42833326540904826
0.18407851048087384
0.4410325623855574
0.08119554696242859
0.030096129950797603
0.6801748027881837
0.1629399489713815
0.5774011507289541
0.8190698831882952
0.5248602267023473
0.2762451551574021
0.24972254137702046
0.48976777352289846
0.36572631249097093
0.5541518162756605
0.3274300068454944
0.060090302879523244
0.2741377446497839
0.00984570444248236
0.5353298900800728
0.22748588462948602
1.0
0.200070150858021
0.703461785676534
0.3421450844682622
0.25196304818594784
0.27800834653103274
0.7078256158860101
0.7958468691242175
0.8606811274694408
0.03530342696801533
0.24514581157410298
0.001607098122868023
0.6158803718897611
0.2077117355051169
0.6577213285101906
0.2478422495298814
0.035078370254718716
0.007509538376436782
0.02084674967076274
0.019425138335487573
0.8872420459263998
0.8973140457310377
0.008457910364753568
0.47261067946086716
0.40692531380050534
0.8565451107078521
0.4687121547961914
0.6335255065932739
0.23287347639334074
0.4995305910372797
0.014250701079407117
0.7438275610748616
0.10603127959240181
0.6252296505618653
0.3196876426708746
0.007694165668654175
0.10160439942398433
0.0
0.0018918069606722676
0.022566566415718105
0.15251238265544365
0.8219844645583223
0.6796363297020449
0.012528274746187616
0.028114405499674713
0.18032495646996574
0.010017360771202742
0.7628432340498038
0.38881557777703596
0.6061726018850271
0.028198840741845848
0.8354159893868017
0.011080760807122263
0.6645709141086688
0.010002437787883569
0.18917174777721119
0.009660903421181156
0.5204259616858965
0.008278670537322425
0.008496992862369416
0.09022704266635363
0.01410520479400756
0.4815037121486429
0.6692132644709265
0.5152080036559761
0.22185167111661713
0.31185344998584935
0.5645364492788697
0.6223908667155947
0.4225611012702334
0.5770713317199461
0.51306326146169
0.7762428237827053
0.01672581977044717
0.6052238350935256
0.6942566464064017
0.3046908078976179
0.6059950926501221
0.20756721609721399
0.7874772643805644
0.0
0.3388732975620689
0.5017708923837338
0.6637102438366745
0.2959058030071497
0.0030984213741757968
0.41426615191173694
0.0015915182340850119
0.1902582186543725
0.1142164599166088
0.17108442183826564
0.7105674671383189
0.21655726349138488
0.03506431287452347
0.806995997529115
0.01979952398335898
0.0002770072638520265
1.0
0.02979043708948823
0.8708919520698384
0.6648505002909787
0.6667074611322794
0.16313561861716563
0.27315749156071156
0.028901275308822225
0.3480312927360292
0.033347367221733114
0.022112253265170925
0.40209028826923654
0.41020263035817267
0.34110796053038206
0.5192866283005667
0.48583100856356004
0.3941462100892648
0.014273818301000572
0.09013128495553759
0.6483565244504794
0.11512480583389394
0.029428110474156485
0.27430855390423914
0.44374807874441596
0.0
0.7542768686405039
0.02049972824430987
0.6436441382680294
0.7243756636369941
0.26335026113087284
0.6119643099327351
0.0
1.0
0.4281796717645445
0.363353068445886
0.38862325239077483
0.09735435361146652
0.7670652200706749
0.0016135259251873176
0.01704563904081295
0.6857697830585322
0.17660963282449652
0.80779062910161
0.5645364492788697
0.11953787590676662
0.4268698630001666
0.6570252227758483
0.5727738414666264
0.5654150050696976
0.33909026171925777
0.23612411648619147
0.06417719916285149
0.01072004957876545
0.8369899488035125
0.7712004183695257
0.5510424264378613
0.5607458819217296
0.3302221655315511
0.8182685023049117
0.030582009866308015
0.0
0.0005699041582806577
0.0
0.84743722874288
0.42506636652023205
0.40838132677612804
0.2880046724126523
0.17271503394088816
0.6948707812270072
0.8644051161379116
0.5145727845128102
0.4706864727838878
0.0021476876751466718
0.0
0.09217255201682277
0.013973120678490152
0.6812024889733151
0.014587312627395713
0.001742611511904547
0.0305107438116266
0.10685174578503359
0.5283609545166825
0.7608770232845418
0.013562572426459524
0.0
0.0017298702257211157
0.04699255090125542
0.012224995208261376
0.4265996369837747
0.023345023374890472
0.3567833488665668
0.16248841210735365
0.732140944271408
0.12014638480917333
0.15748975736223353
0.4343246135131556
0.2497363442895359
0.6564721702172638
0.1971200283775112
0.23298883507136767
0.02117194953644808
0.04155065257058324
0.020832954884626824
0.046967641587418216
0.011673958488782533
0.34797262579842214
0.43341560649056166
0.6534863175474476
0.25442340526344087
0.08086250239783042
0.0
0.002003082781506127
0.5199102924584891
0.007706624647391901
0.6653282468799047
0.547332429362784
0.8917775392788675
0.5809872995298404
0.07845787773229411
0.10039906553500977
0.4119485596821154
0.517676431440529
0.037163560289973786
0.5603141933543586
0.25504987371011223
0.5497414315307874
0.01962156293461846
0.2929965519879491
0.0004153599698292307
0.4699342717321621
0.12028772576950125
0.1316630764098606
0.12624834759865686
0.7622983943111231
0.8325937056597748
0.7666775103269702
0.12483236879115475
0.7441339731626457
0.062421578120184035
0.0
0.042762072046810276
0.5402122721878765
0.0011929227332562599
0.02700147743004176
0.22096855629708723
0.4630657491314552
0.06052668712434298
0.13423519474679108
0.12097707683905012
0.6282937335022661
0.3226624326903616
0.723234349411094
0.0
0.3265436895896696
0.3969479493353589
0.0
0.25970505401458943
0.6073444001036808
0.21974803560101142
0.9444444444444444
0.07923631077037172
0.8761245565984056
0.6638239868547825
0.11789587030746124
0.7718655171530856
0.5106087789523941
0.23859749198875807
0.5248789917005822
0.0076691174901346425
0.17389526975536962
0.8333221588422971
0.027862527130102163
0.4329666997010444
0.057308144418052
0.23859749198875807
0.005316404137768348
0.0689777618473101
0.5403306677881201
0.23859749198875807
0.016072229241999067
0.007241538974602207
0.0046997054126123195
0.04110219381122819
0.01406225393252127
0.0
0.006909301206690177
0.027220062281526913
0.033537141939752636
0.013838102386532289
0.010740577483744781
0.056346755979857895
0.6895309539512644
0.0023093807736246745
0.7018609680880062
0.1388157146072362
0.06632061968784536
0.1357105371377835
0.0
0.8808313510916068
0.5867028332194383
0.024891400068304384
0.5955744459841529
0.46484270671164357
0.4097945793135405
0.004704008221915597
0.7497693629567096
0.589245430306232
0.044471571177690544
0.6169506820250544
0.3155192578503609
0.07831550957002584
0.10491930510024197
0.006866381285341146
0.8016769731007628
0.019297995423396972
0.10997052645250696
0.2699234743216697
0.4583400891592734
0.1257805822992194
0.2958181253530521
0.8759200857718967
0.1516212700474468
0.056613413783181715
0.06698516349191816
0.4840097214031207
0.014047914926882862
0.7230573647942686
0.006794111053760231
0.6501632672926387
0.006772739628249122
0.18655873843403478
0.2519384029006113
0.5378368326385763
0.07711238466278651
0.529162380072366
0.4437658518368348
0.01149731623010717
0.2420865851265355
0.07307101077942346
0.2293411388227066
0.2752607012879723
0.3564629906990546
0.8861414558817253
0.5841065485997319
0.6485428676711192
0.4048708087653979
0.6411731229108011
0.14284512576593056
0.006675589808886209
0.3281885129893258
0.005884016100743661
0.13091954948984943
0.21030894567791358
0.7956135292009611
0.005766828495022836
0.004069715833572674
0.0
0.015507820964125165
0.037449054837543794
0.016331773163197304
0.016275232335260015
0.016249387803524647
0.00338501641385253
0.0038117606481338742
0.008077402069068818
0.5331765670837016
0.18268868226452611
0.0
0.6398095077099674
0.2131389765319442
0.2131389765319442
0.01116948476271331
0.09488104856678295
0.03793142342101354
0.07771829769612403
0.3434824536377983
0.0
0.0933959370639572
0.006461691414329451
0.25857842485708676
0.010957240905837745
0.004154562194508529
0.012540633502515315
0.7396775170776828
0.7866569533939454
0.014110921878711954
0.11954167064616396
0.08616712714242339
0.0020009044952292742
0.000951876902434762
0.039852338365354845
0.18700305354420693
0.0010364266470190575
0.007315333870491559
0.058551721514490965
0.026978432929121037
0.01657024000493416
0.8727181078955247
0.002656737668573127
0.0019523179847275142
0.06525658805961572
0.005019952956870466
0.06798492512506343
0.016787208701143388
0.007070486329807639
0.02979337728757249
0.0
0.00035580393325740627
0.06856420192495377
0.008552776684312523
0.005150114642935107
0.1979175982014729
0.0
0.02025032883665674
0.0005860923314201497
0.7244528748264417
0.24422895512565918
0.11119462516942952
0.19819083134234727
0.020138574619708575
0.926424667931155
0.02502960825982763
0.22540818079593683
0.02373757063550083
0.013603414496568753
0.4581724057999752
0.02369496180470185
0.6495704555983484
0.01027775086168288
0.01659077014746567
0.3537889355063247
0.016263986355378422
0.004263788996937197
0.0515709133010701
0.1219480076269422
0.19581092589361238
0.7383087432677649
0.021130770641732095
0.7862135066416838
0.10369256697371737
0.3832868389485611
0.055301776980338085
0.8460899587919496
0.06921821633790673
0.08505163292716522
0.0015085565118152164
0.4025866427794472
0.4626241792819799
0.008081573994181626
0.006711685945827244
0.7273502204090945
0.3787612519109416
0.0
0.8029402728180639
0.4670238145567516
0.08010870405524594
0.038324224071800264
0.017903058676345562
0.23251860225587567
0.014560896787544821
0.6847536353166205
0.1237034362839467
0.47970301168759355
0.5431860426284998
0.6826616709478064
0.015254117839476809
0.030896478295615218
0.2599299536671068
0.1612942546740375
0.20826037771012754
0.6870465229334686
0.00616179792566009
0.5360067140548922
0.719612629501882
0.06115301555814085
0.019493126295201026
0.14063629118713333
0.33415160155716706
0.029487943939105983
0.029604120085522587
0.007716303195130358
0.5828585473946286
0.22902372511237562
0.22577930058890225
0.1264285834954483
0.03924011410673859
0.004319396309531444
0.01978714612872393
0.6764824733962221
0.02480595097166227
0.18855132333228317
0.3719291449068866
0.040980112211644465
0.04068928536486889
1.0
0.0
0.5601377435957459
0.21633626052151508
0.040182777584622374
0.0036213123885881333
0.041484103097367664
0.014541664339097319
0.15497045604234574
0.002179273860554696
0.0036970349670513666
0.12128074696607914
0.027980656829858206
0.8756102591980488
0.04620899213463589
0.06892142234050158
0.014676007150884898
0.15614417158439198
0.3048267028808629
0.33104278367330053
0.5309691047890822
0.03656218472062035
0.012826265281889532
0.22293105317781206
0.08231483095338706
0.08800243172760264
0.02767480084830467
0.03145917060869183
0.012411083650637677
0.005185964581456828
0.01034743154663808
0.14682069911403894
0.021616707046966735
0.005623480320658479
0.009618274696281561
0.2051866139817278
0.024953291173354583
0.14240809334532956
0.43743146666989047
0.03742895522202681
0.0032809929751842475
0.5849927598100989
0.348948115211122
0.012944605092872064
0.0020742654752331623
0.029409087503836202
0.02844496675659096
0.035939174930673536
0.1398177182897123
0.019562115425212898
0.07575756744364541
0.058107339299879136
0.006436676184537551
0.2843470316364342
0.020066644191754652
0.006003172099020568
0.07368059760076028
0.04854415411982917
0.00930165371036943
0.11435956879442613
0.1554750380358197
0.025576901370498364
0.15818597543912405
0.0011214746013083906
0.005994809250721102
0.1475679899132422
0.03419682692679086
0.11801368879965556
0.7734664976085974
0.004564063449274815
0.4077184059010096
0.0031698857446673997
0.7151795992482151
0.029336853460722442
0.01633969061911035
0.09041517514847053
0.003637695626532789
0.07978614652983279
0.004916436645166564
0.019506649710155997
0.06192461390987747
0.005335129875301862
0.8111452212231263
0.08327846240009934
0.6049517405068189
0.01054085073795464
0.5858221755160833
0.5464683974025539
0.756486408336885
0.4671541761791757
0.4879558272682365
0.23265593129511744
0.5918588182185197
0.04252378064238435
0.5785497832357077
0.32898785592148055
0.5590721090127825
0.1319428746350881
0.1581043057716106
0.058723979134264366
0.16374357845517318
0.24404564343399685
0.0
0.5369565629016531
0.011504056098444567
0.8645958617284593
0.4837172963222407
0.19058873452930372
0.43463448390674475
0.07303248421368458
0.49401772188730525
0.3734532335625308
0.047342905012599884
0.008121208016642447
0.2570375589806608
0.056257659439213153
0.056454721676540594
0.8075257668683735
0.08796908508062508
0.003360834822194055
0.3550796609551501
0.47076724598146935
0.10598206670995484
0.0340663658521123
0.6411780859389031
0.0035969221274373686
0.3443411515684002
0.6299097617576099
0.013264390333992855
0.4130166413125156
0.07533899200399413
0.44238354869244967
0.1984998096033165
0.7025240576099457
0.06978027420994248
0.07087161388241277
0.4761722210377418
0.05917424088386447
0.6980193219342433
0.2650282571765297
0.2719269062054677
0.23110486508211686
0.8586369507394601
0.5661458606543749
0.28544825659797324
0.6402212072321103
0.34975062085560604
0.4718109819989596
0.5064044145704893
0.7307263172228329
0.021626181045546464
0.15697755009554598
0.01160431063060686
0.03505580064168427
0.32977571474220113
0.393294313980006
0.0011294606728551872
0.38248014761338167
0.5391495824666999
0.3195779102252591
0.24805752887241977
0.04694997898083873
0.0050078755244782275
0.21962961937643524
0.1741459227787185
0.332102117554798
0.41330268792136315
0.08812298778240793
0.29238746506344904
0.3867603770600405
0.024873791758169457
0.014424318858664513
0.5352516084879053
