0.11994102635965379
0.38581870246764355
0.7248361952215915
0.0751799842067776
0.6822528582441786
0.6626866747841272
0.6669831515864311
0.053672162854900625
0.2653080767679896
0.6579529126049523
0.3652555598681719
0.16737808393036505
0.028053921001198814
0.22948346115638002
1.0
0.12611200314450907
0.3958913228899265
0.023973981321548533
0.09064171008203048
0.15774492210333016
1.0
0.09209060839483697
0.02659944977671984
0.48585931297185314
0.7702334716689765
0.011033623874880726
0.7769737335504412
0.17949411458419084
0.6275219810228629
0.3485486852825138
0.4347020939295058
0.47231052444526433
0.0013080433544678282
0.01059944820900397
1.0
0.006032666899440006
0.5614053469578612
0.29223537889766354
0.00241379474843616
0.39433450467397824
0.26840218922391607
0.0
0.35548590539678976
1.0
0.7146581868592579
0.38036531381212907
0.8160850301185195
1.0
0.21981184203583473
0.02917770526891447
0.7186870018012704
0.7471589721660227
0.2000156956481879
0.013383086657802367
0.025765552492634833
0.17963197983109153
0.3203674833033329
0.39517343641793784
0.35452690610453996
0.43292646316516237
0.5365632965129497
0.35437478570783
0.8570765506501026
0.11091836867085773
0.13272350721941054
0.024782525835901074
0.025002131766530034
0.6752144033917369
0.02428420687694319
0.01270750874791889
1.0
0.5863071677449366
0.03151185396355491
0.24615214912695055
0.27318323975326186
0.6039654914268204
0.014732565705680566
0.3641634189938619
0.38018558151930915
0.13965843842821576
0.0011157908739552003
0.787778357610245
0.21584813810289452
0.2161652623655912
0.023798881192302303
0.13312781965094297
0.6185794451766283
0.5096769202597918
0.18454473979308963
0.03483458452534663
0.41697522574608237
0.01994325751435558
0.07032432911666753
0.007319717822731606
0.6945656035059113
0.37355932969330924
0.06707949510046235
0.2617054762000805
0.16991216815877527
0.03358226777596184
0.7097020413167044
0.5235938177552317
0.5703377576072087
0.6579529126049523
0.2348408310983297
0.17547911703392752
0.07287493916726992
0.4643698094766618
0.37416634659130943
0.34459816320064013
0.3965245770840045
0.08943273307965051
0.3774257892587446
0.2915579544035868
0.5306536196503826
0.3899185413932473
1.0
0.06693561017596239
0.4630832329336577
0.06908242651805821
0.669289516226733
0.6034192680437592
0.2639568843538775
0.326875422359952
0.5737680866195473
0.0268365484245357
0.35261715216062933
0.014651548616563918
0.6643143737559665
0.17151221602382985
0.34228896328051206
0.27559436517841984
0.03725159848741557
0.019592746617828723
0.09535752679858824
0.008429837272611972
0.7610051593760644
0.8824583241321584
0.027443145218163024
0.056373796319971595
0.26368040062652687
0.8531318943814274
0.6227902036854004
0.514540724682804
0.3419228117598916
0.5147510987595053
0.029140135763061202
0.7952636687014131
0.6085551648097474
0.7520207495767859
0.09167742260326005
0.014717419130662794
0.04334050093669168
0.12907771381381347
0.017406647423268636
0.007087375328417051
0.0007229695300479985
0.46416693364527506
0.5016572801525032
0.0
0.04952709063448608
0.17582418793963936
0.038081535046056735
0.64830483471377
0.37009980098845896
0.623028279268054
0.05611858533110046
0.6269444878203081
0.009640891048158726
0.5449593108983188
0.0302253220017093
0.024307118340999977
0.013762447988345992
0.7471043842707331
0.03491901023449368
0.05171300166529891
0.007913037023613912
0.026763388000895505
0.43052072002554187
0.31662105123227524
0.48338373813425956
0.17544813185094355
0.46886858871692105
0.28912977687032143
0.5507336763202159
0.3334265493114838
0.39104541621609046
0.4638951531078211
0.732425844195888
0.022342092123633365
0.7715787841873397
0.5058344298946349
0.5673589865304042
0.7389666595396931
0.44041237711000253
0.8414819624259746
0.008418034304807575
0.46029350351729637
0.48791920943143496
0.5212405062805447
0.29351657596927033
0.04082078543399104
0.5302009018669321
0.037629302385396086
0.16608756550037287
0.28627357112908053
0.059946453501356946
0.5525634326841704
0.6150473058469377
0.03892110042639772
0.8562873307960914
0.02690206571945527
0.00660033822579324
1.0
0.09950684378476088
0.7543559050109814
0.080785955714576
0.8127910869231044
0.15765994573806086
0.08972090331425188
0.02265066522239028
0.2499876153685606
0.0306998578950245
0.0737772196335949
0.3426030032524406
0.47236456971888197
0.5314817852005379
0.5462295574118422
0.5564986625843357
0.542046261150625
0.027420631512210903
0.023320471491856735
0.6728061011238939
0.5020306319037945
0.11678407244696296
0.3206208219426616
0.30406930248683656
0.06061001946206823
0.21023001246757866
0.023242641219509162
0.3040448208079859
0.08610769965102445
0.16293592764627818
0.540160194378121
0.34654809876521464
1.0
0.4617023215689611
0.4977541640965045
0.07213541211913924
0.11908931872256016
0.8850507128365589
0.04461524450408317
0.034870413359692064
0.5249676127709102
0.16376895209886003
0.8644006353777022
0.28912977687032143
0.12733575342631678
0.12335820505275205
0.03761600323438822
0.7714026636548269
0.45993289631499884
0.35377999687337097
0.14874354654765723
0.016646081344219753
0.011656331624983226
0.351318270445953
0.06290123179560217
0.5902395545766462
0.350663601782869
0.11569005681740627
0.6777725849072966
0.02910477723797897
0.4850663062375106
0.007705454768069147
0.0
0.6319963482227342
0.6335808554297763
0.36360419267520894
0.23595384628450386
0.20056474465663007
0.5909383950308065
0.8256991533480033
0.3292674029329235
0.23171471649830225
0.03158367297008224
0.01377550606240651
0.31861449313735213
0.022026325989221714
0.4861010319381917
0.02323306499554557
0.027943817064341892
0.0050366168740777146
0.1124018649841211
0.4096379319288145
0.8149468246500806
0.05580292156430821
0.03855829658972244
0.012755043783390851
0.0060845205805992696
0.08308797883245841
0.7567996986861091
0.032284309397483564
0.2447445039193357
0.19146202172644633
0.5571125247591188
0.12759901246101257
0.4357194521276361
0.3802330713803093
0.2033875591172141
0.6582712128443484
0.3732207872770743
0.3308614201608766
0.036194294514688995
0.05366451871115024
0.01941076760217182
0.1119131764128025
0.008254214614672144
0.5235287740213179
0.2576265192606301
0.6152501929254005
0.24792367449235841
0.1892141479074325
0.009981459232283107
0.001452950769500263
0.5475342290495119
0.01066095453111013
0.514906464988184
0.7784496293055109
0.6541420072507085
0.3869375939565607
0.04715887443179818
0.25308800075155424
0.7102158466593814
0.709408672767765
0.02191733721034924
0.545195050484788
0.6035064750201788
0.623166182520022
0.10567135018218318
0.3365849548472092
0.004533193595998526
0.47078045427103654
0.2731798997113215
0.17333389022256254
0.4530561838512792
0.47597713952296805
0.5794592048913874
0.47791871789089696
0.06582175226069968
0.362568243973655
0.05421451828215302
0.16542134054154198
0.4634120699359088
0.5740327908373092
0.01810717533217937
0.35713158384615035
0.26943713445492556
0.25845643359889325
0.005630745846141197
0.0008770560757999662
0.1943914799615264
0.6873714506801517
0.39832184719590646
0.778693030502759
0.014269491607736466
0.2734107562452365
0.2927821247960354
0.014565980308225951
0.03415136220074621
0.6180518572960154
0.5803880579965462
1.0
0.23367457393572194
0.20154320772666373
0.7938046866076167
0.062398338247696465
0.5678008104630802
0.2839302901848523
0.21586563349076512
0.690467916402599
0.07895510313793136
0.7062673233113647
0.22224653188456903
0.03800483355660916
0.28060659210832184
0.006863538877926245
0.21586563349076512
0.006651840998372269
0.006470992855848953
0.5366796063579857
0.21586563349076512
0.015704488385781024
0.012792418988933735
0.04073534668290072
0.13732704370373672
0.016830643676878598
0.0
0.019291348354108662
0.024348270940355632
0.06117360343471074
0.01262287579205603
0.0036051330671086307
0.0573456029901148
0.48983542483715714
0.0
0.6690475006427067
0.27735885925052584
0.030885644128355982
0.25940599981066037
0.015041890093801804
0.8521414436601756
0.5402584068787498
0.020434442511641112
0.3525758049715931
0.6119165178668905
0.11859599767597202
0.003740009135841567
0.6808809772637274
0.3951852265091571
0.06367084872102735
0.37092586451982684
0.39942567538005014
0.30052904256113955
0.031480482489016554
0.053375357295202486
0.7240050458026089
0.0782007998482467
0.26400527710939536
0.5526324578169487
0.08285374371386352
0.06754782486431282
0.709035378845042
0.8481280151489475
0.08784062557761399
0.06652050778027149
0.07732861581928183
0.17301804752557906
0.002791072910630075
0.8718142441797565
0.017605541680815406
0.3276592651330043
0.02228708592957559
0.2171862508248477
0.3839841873405033
0.3993680722019892
0.0014776326672763798
0.6840678317981094
0.38616749889852203
0.11318695842630021
0.35373916403270095
0.11157848613444389
0.11954114970940394
0.18313103909054335
0.22812778633482875
0.7836907517381331
0.6652046591952088
0.21105237877645078
0.3821948438306647
0.5558047264004095
0.4421988058926796
0.021149185022300468
0.23562405166539283
0.005768674549411906
0.28266024523360916
0.23011611403243123
0.7655061850996322
0.0008217909628711579
0.00109634655115161
0.013516642249732006
0.0039014329942402186
0.013926380393563186
0.009814808735496434
0.004732418058567258
0.02156020992346944
0.04763164013033883
0.013484047024693592
0.043694756660835804
0.3816267864424486
0.04965887502501038
0.04668370697347173
0.41404862623061833
0.1378350966755041
0.1378350966755041
0.03479299057251673
0.17192676222315495
0.038763092937968285
0.022819619801381294
0.27136249478194024
0.017343975792804143
0.12604214580091286
0.010399679333579286
0.24296424054170684
0.04226512376049884
0.014161529902785547
0.08711830628178463
0.8171619753381645
0.7907248525505111
0.010846717838522398
0.1955428208429895
0.12841788078260613
0.04335805736056167
0.007153965129063373
0.05226914945707195
0.11594182949569126
0.022932211006525902
0.008587374546851496
0.07910740680931459
0.01905096036538886
0.012541401541469967
0.2676160816671711
0.028854675670912697
0.02507884599247153
0.11839645599105773
0.012624260103942936
0.22030560569132665
0.02648565995500305
0.0046224595981177044
0.017444074338483596
0.024915437089681622
0.024292182093425554
0.022368462516458205
0.006069417444606742
0.03763734077456948
0.2255631121860281
0.019216447280166388
0.09665904811455847
0.010336646317260587
0.6158424762924782
0.3704523586977665
0.07768126855399074
0.21691279383650655
0.012995449854075481
0.8981298372867313
0.06268479500648318
0.06424574613164255
0.08803012242512707
0.02278919025277096
0.3804945023308201
0.025869745851186402
0.7602878648090811
0.017217476779192956
0.0
0.36900198066951123
0.3560493182101942
0.012971373588753676
0.02153235294447375
0.20160614158821594
0.5406922941701366
0.7311499278096832
0.04190206360850512
0.8355344334642241
0.21454464354314765
0.26250842899827787
0.035999178996885144
0.547538655746538
0.0298901447804378
0.08818870949858076
0.028716853084900688
0.16033310471399223
0.4395975273209965
0.05644144885310782
0.029715439524042805
0.8197704893186103
0.3437881555069313
0.003006366105969013
0.2343881675615992
0.30235295511399374
0.08132710504944307
0.021026103153373985
0.028923324629104265
0.13141710080317376
0.13144246973291387
0.6198654147069153
0.04680116245404415
0.4560767971674936
0.4466047722773633
0.6475920513672372
0.04401282324058537
0.007160591002854044
0.16136409443172148
0.04872969806499486
0.5726574576716038
0.6038024433296009
0.04110711310388648
0.6840007325504617
0.8742058562400005
0.11311237897010452
0.22447980252310815
0.0016786361940583972
0.09528937679913216
0.023168593440369863
0.05845189916554482
0.040221728742399744
0.4426204923245272
0.16731847596270108
0.2772459559695148
0.11165792299664146
0.050759643779244336
0.011609430905735447
0.020652671741401816
0.7825807891400237
0.024686872704381312
0.39598472131858475
0.4814340007974524
0.08441537669858996
0.07339229401991958
1.0
0.03171218543377428
0.38126326589092
0.22609918338239463
0.06505831196220449
0.002806137444302242
0.0048075414908103345
0.031827292578540896
0.3092374305428037
0.0057848752164972594
0.1013455275808826
0.017668679472110906
0.037545163094603234
0.7241906478407003
0.09319767622934814
0.04591473383757861
0.01677058140959816
0.2681030519423962
0.10101773341183984
0.3953822631491175
0.21198858601322276
0.01623410354396659
0.08525190406224584
0.09778225403070069
0.08828734230131706
0.11673995095676372
0.03745747839138173
0.16096177805442158
0.023722433918742826
0.019802196202422132
0.039899487856870745
0.2311952074859579
0.003459359843903465
0.006428887186165316
0.020177262809840033
0.6136911948906066
0.02955069840116239
0.17463220759728879
0.21666583826802804
0.011833872908279969
0.03863301500932517
0.36595537631498226
0.15417025925505165
0.05943583493607995
0.006344113956957003
0.038282536408151956
0.003417434294617518
0.050375906452533266
0.1573879060708917
0.032922823248678984
0.006137466418391047
0.01388882409689965
0.01830647286941294
0.18192901605514653
0.018299124784417385
0.013741845009217041
0.0954421511603298
0.023108615185749557
0.019886539383146513
0.04351592977472875
0.3277450298129956
0.031619939094454846
0.1736430905965819
0.011336052888615014
0.006320802356304147
0.277011724141657
0.060624027779063346
0.1383013990111689
0.42645692378950156
0.015162671072889865
0.27482274482977953
0.006222213743132026
0.48116495617550065
0.011588667232493412
0.022583754115044274
0.029770653144421164
0.005055107145026171
0.07500288585974212
0.006948303230332853
0.0060154584098375185
0.14999138321660715
0.005011015861154259
0.2921796738945019
0.03464085914923166
0.31429315918767686
0.006164707058968186
0.39202730418597764
0.6415362736498117
0.8463284391650319
0.4475693944268317
0.4605146163517133
0.1445808243370551
0.3451315036542009
0.39930898747680116
0.3875608277522588
0.36385210629135956
0.8586383929024894
0.5601797033881597
0.13689045382759935
0.06458107713872448
0.1952745473459578
0.19015595322657927
0.027467087632440188
0.21615568875158236
0.030061973855465593
0.8890671545253646
0.49097571168029647
0.10049664612079608
0.3038805809921692
0.022915218610323498
0.22883660468793884
0.15193671374109122
0.033979056158944115
0.0064995705163577175
0.1283196147332138
0.09224241963790156
0.35735747231917075
0.694932711689536
0.14761243549246153
0.012377475235024903
0.5751338096633054
0.38996008631588386
0.011963439906047453
0.052727033781090456
0.3635641608846902
0.02971654393189709
0.2011501015789932
0.2721367083268184
0.014387488592068483
0.47872912628917896
0.059716595820606296
0.4946506217792381
0.10202954032513363
0.6760025974768616
0.014300104289263803
0.28518462378071674
0.3363023867810209
0.09069433799297608
0.5692992364927899
0.4904998080930573
0.31900360125571986
0.3714885860764959
0.8984138203159353
0.7132070325543832
0.2053379510285466
0.21284690276729815
0.22470102267391556
0.4040100620648433
0.6769154311634469
0.8378589901459619
0.01918748666278185
0.25594171360669443
0.019498761791866107
0.015441015969515576
0.18946948185889398
0.31888465670662647
0.011251607471568977
0.2962483250869145
0.43231518340219866
0.30885177957681015
0.19944372572226857
0.11008489266684754
0.023353234951347394
0.2941536985684105
0.1216342645424417
0.383488058661909
0.12061684370899982
0.046503504406499356
0.21333965761896592
0.11119112024791121
0.12393180314602543
0.015225780451274679
0.5095188639864873
