0.11905417613697704
0.37912954117092484
0.7242045707456078
0.07359927268561665
0.6898202583474006
0.6402715187476455
0.6799576663061294
0.049199482616992245
0.27352208200771705
0.6586998120216202
0.34539839464451455
0.1618225850647266
0.02967866297408815
0.2252846404919829
1.0
0.1202510584350024
0.4230371868631205
0.021976149544752823
0.10219473104788446
0.1695181068478233
1.0
0.0968365854116185
0.024382828961993185
0.482873071792129
0.777974889716745
0.01177347780394704
0.7671451885401225
0.18297243100620963
0.645781008274723
0.319502961508971
0.4328753991102527
0.46973355380607673
0.0018269924548619271
0.015536295534251668
1.0
0.005529944657820005
0.514621568044706
0.29136061161907517
0.0026353702417623043
0.3827614464933496
0.27141451505920844
0.0
0.3385274603994703
1.0
0.713740601015716
0.40349811082246817
0.8081955841293689
1.0
0.2065641300933412
0.032410692846827176
0.721259426423385
0.7463839536318014
0.1995250621115807
0.01572488636730876
0.027275336087456664
0.17390392905365618
0.3173800567958765
0.3850192417042375
0.33687657584619574
0.42822716821819373
0.5369052617712148
0.346212851564836
0.8689868380959274
0.10888055291598138
0.1296609825386061
0.025705953101272605
0.022918620785985864
0.6965424318253067
0.026354961305777736
0.012614486496181694
1.0
0.5843498639789205
0.031143315427850718
0.2802266812309743
0.25282024168405953
0.5877643897804906
0.01471809748310172
0.35163984644522733
0.37056706142353973
0.13652925937360727
0.0010228083011256004
0.7911561066505617
0.21582148397941112
0.21914981108479456
0.02248117296256333
0.12203383468003105
0.5960364473596996
0.5117215500602471
0.1856945274362816
0.03193170248156774
0.4283329770753828
0.018281319388159283
0.0719760045312867
0.03180076958115454
0.6515430498765905
0.3705038990979203
0.07023796749887336
0.24631047097772515
0.19316580275496975
0.03331423974142167
0.6904286723455391
0.5384757965609083
0.5707586005353535
0.6586998120216202
0.2718623355900198
0.17219549984267812
0.07159064385596495
0.4687105635673921
0.34298581770870035
0.3316687215100106
0.39385456504926775
0.0836353741903791
0.39726731519882935
0.28300375988711995
0.5405320571713282
0.38623762992342786
1.0
0.06135764266129886
0.4670372036891676
0.06332555764155336
0.6577471700649219
0.6082852683169666
0.2671065478526445
0.3400640748185728
0.5352459898220954
0.03201006058263612
0.34768631967662844
0.013430586231850257
0.6385202599452956
0.16105181045138528
0.34247320293156736
0.3098351046695766
0.04047493582403205
0.021775144004305694
0.08773650869755772
0.010024759882750993
0.7530454807773016
0.8808472108564217
0.02970762060987993
0.05251673052505846
0.27857232517496333
0.8502310671163195
0.6145890944345941
0.5004043622566411
0.36340091456649115
0.5061457596890907
0.026711791116139433
0.7770833875305115
0.6059319047460671
0.7462480614348528
0.08963183212802672
0.013490967536440893
0.04984383809440789
0.1239472581269458
0.01801942014058853
0.007053483664685937
0.0006627220692106652
0.44066685254964094
0.4986444284736195
0.0
0.05072102773173957
0.17370881157830187
0.03490807379221867
0.6116125344569951
0.3696241608388835
0.6230909994859272
0.051442036553508756
0.5929268525572838
0.008837483460812165
0.5449386658975469
0.03806430243616667
0.02810630676612096
0.012615577322650492
0.7483983749907631
0.032780173126232284
0.05359220540090782
0.007253617271646085
0.02621269374983057
0.4161161854484396
0.31311220783653454
0.4886477114389351
0.17954478801517723
0.47057247499166066
0.3144916464297201
0.5818396872122947
0.3348538169928173
0.3711940696490728
0.4699069832491564
0.7323102895172068
0.023975628412367358
0.7613125123523307
0.5211215127277095
0.5653138346566969
0.7368971831578442
0.4489130989689248
0.8349350491700317
0.009009238739155075
0.45370840716784366
0.4706219726937774
0.5120872477050601
0.29855858184998857
0.043506537587787525
0.5366731898429503
0.03987633178401812
0.16375797725351718
0.2748227730021997
0.07817140570819421
0.5495453574221868
0.5866903876301599
0.035677675390864576
0.8158494379899467
0.02654318090388925
0.00605031004031047
1.0
0.10263432772626709
0.7536534413432884
0.08035393385917247
0.8149873574083147
0.15697423349006573
0.09320741608281796
0.025188807493385867
0.2413009171662297
0.028141536403772458
0.07001012759887175
0.3360752387758788
0.4814758747859132
0.531674606486897
0.5431517030872319
0.5545567159008492
0.5400871986506058
0.026725178823966533
0.024247933098644564
0.6802701646266806
0.5196608315184023
0.11430114335579744
0.31897029559858403
0.31239297797269766
0.05555918450689588
0.21133121832763158
0.02130575445121673
0.30747763731513095
0.08425029298312613
0.17095808301762927
0.564988103117094
0.3176690905347801
1.0
0.4556671057843837
0.4632557093280221
0.07710648761774425
0.13500301488952812
0.8518242290622132
0.04089730746207624
0.033511134582885314
0.5502162370970801
0.18531775012860108
0.8757005824295603
0.3144916464297201
0.129490779844292
0.11307835463168937
0.03578326516512951
0.7776699280910067
0.43115469275368207
0.3578241420787724
0.15499756771066647
0.015258907898868107
0.011425219968911654
0.3863116189312635
0.06086940655979304
0.6001181912917845
0.3214416349676299
0.10907436295206151
0.6842963086423103
0.026679379134814055
0.493424015221235
0.007063333537396718
0.0
0.6324118999400937
0.6296000591587118
0.3562301210474486
0.23252078548711905
0.2005351850551965
0.598431300536776
0.8191304897536923
0.335475688649524
0.2241448944228629
0.03104140844097229
0.012627547223872633
0.3271205129079306
0.020190798823453236
0.49039656455381825
0.025399627901015284
0.028807496479458874
0.005881696861678262
0.103035042902111
0.40033711007519623
0.8023491768147224
0.051152678100615856
0.037774325683689554
0.01169212346810828
0.005577477198882664
0.07955036466393964
0.7322365823468466
0.031089503941635385
0.24879070925808525
0.1939503474083257
0.5416063905542305
0.13235145177843205
0.4480493318343208
0.3793794125925336
0.21142627833445052
0.6616538450149373
0.3772522903276286
0.3187152594272444
0.034634041531348005
0.05323088924461115
0.017793203635324172
0.11328854654600178
0.0075663633967828
0.527332792054208
0.25336548862927766
0.5949616473315364
0.25170494895002277
0.18789879845465607
0.011386575800270672
0.0013318715387085744
0.5516668395872771
0.012612373614004649
0.5016721422821157
0.7707215890840714
0.6539333791834074
0.382890377340412
0.05083708700163089
0.2597837490487977
0.6995845106667559
0.7136706192868473
0.022293166754069133
0.5498808095057784
0.5963865542471831
0.6147221651069745
0.10774781434136145
0.33273507447556266
0.004155427462998649
0.4744133369051596
0.2767885975399916
0.1707662925205032
0.4656186799170772
0.48522977334566586
0.5919087020892831
0.47966439138061007
0.06033660623897471
0.3635937770458997
0.050109948394602706
0.1516362288297468
0.4372468001168664
0.5735259386580475
0.016598244054497755
0.3273706185256378
0.2529251204842417
0.23691839746565213
0.005161517025629431
0.0008039680694833023
0.2163030812492119
0.7061676293068597
0.42683435827485067
0.7552930664208403
0.013080367307091759
0.2712145883596839
0.3067928254311456
0.014381890960496461
0.03130541535068403
0.6194885380187555
0.5715445581071278
1.0
0.23486185411606583
0.19493944954572184
0.7949538757314508
0.06137318082794638
0.5757089228291022
0.2841598954457977
0.2553393724419009
0.7060508637820643
0.07984828774467213
0.6992312966001143
0.20620921748129276
0.03513921211698217
0.2752283759039254
0.006291577304765725
0.2553393724419009
0.006097520915174581
0.006624764774493257
0.5068620894089289
0.2553393724419009
0.01625921170722697
0.01544379742811329
0.03734073445932566
0.13190901508519795
0.016142616953748978
0.0
0.018798528105532942
0.024539488648213984
0.06574899107562379
0.01244719540971737
0.003304705311516245
0.05367235948000992
0.4883997858523667
0.0
0.6619345290502866
0.2668798402597177
0.028311840450992984
0.2529414325549109
0.013788399252651655
0.8546394055330923
0.5071242133494821
0.021060306272721725
0.33326957989964795
0.5931912738218614
0.11148861804958
0.0034283417078547697
0.6708889246171666
0.3936178340974343
0.06415452751102564
0.3536127720605862
0.3944402077198908
0.31720648140129765
0.029496433627951565
0.052803104729102136
0.7164490889657767
0.07263524656138598
0.2666443688694909
0.5710416430339355
0.07594926507104156
0.07101737743696432
0.6900950609228237
0.8509604293977998
0.08823996951900025
0.07350885222847235
0.07769851082065062
0.1752192640631349
0.0025584835014109022
0.8704162903486292
0.01613841320741412
0.3298366475841187
0.022827756130498575
0.20830844439451934
0.3823496342069859
0.4122604082246591
0.001354496611670015
0.6874200244344572
0.38068935876376214
0.11479446208944871
0.3550504372817878
0.10228027895657356
0.12393170640440941
0.1859613797501499
0.22090957669882463
0.7934428827257772
0.660434497127134
0.21374739886058558
0.37242883776829544
0.5270552487301854
0.46447356130945966
0.021069675612972762
0.2372364280852103
0.005287951670294247
0.2919238593051195
0.2304836459914926
0.7850473363413295
0.0007533083826318948
0.0010049843385556425
0.012390255395587671
0.004037035766180441
0.012765848694099587
0.011198113126638536
0.004835214539615521
0.02483826524293255
0.04496814182899588
0.012828462341799794
0.04261696771370485
0.3800270091223957
0.04644738475773566
0.04311898228711953
0.38848137065101335
0.1400026671417689
0.1400026671417689
0.03659055922781732
0.1600538391632439
0.037252382086541434
0.023547083259512023
0.27380167703128605
0.01589864447673713
0.12876419030740585
0.010860984940728098
0.24328779766957434
0.039911407074568916
0.012981402410886751
0.09158589799266197
0.7734694557516194
0.8008148500916041
0.009942824685312199
0.19930493123344306
0.13377202189995888
0.04032020629026036
0.006557801368308092
0.05442806226633957
0.11391600224433573
0.021021193422648743
0.007871760001280538
0.0735789399734547
0.01746338033493979
0.01149628474634747
0.26588915460301193
0.02819775255820137
0.027479152106360608
0.11810558047691737
0.011572238428614358
0.22667937891587697
0.02672111428135264
0.004237254631607896
0.015990401476943295
0.022839150665541486
0.02415100939204204
0.02591615981591125
0.005563632657556179
0.034500895710022024
0.23103756956158714
0.022151032800020964
0.09691362480784121
0.011605989724053162
0.6239592543597473
0.36422145723282634
0.07868616624321947
0.20294274135559798
0.011912495699569191
0.8831963013500405
0.06157011916730254
0.06501334918384577
0.09749073320340672
0.021779287965800923
0.3817316040608931
0.030510293978558135
0.7694358436008407
0.020239991462243572
0.0
0.37332598071270123
0.3583387015200903
0.01189042578969087
0.026265580196088486
0.2443316402954551
0.552162465855394
0.7306814621149175
0.039725066521960596
0.81372237818344
0.21505481918490754
0.2778139647964871
0.03587773097555411
0.5493951128222567
0.029220331876278514
0.09176312937348852
0.030807903336122894
0.14866257853128861
0.414815560010011
0.051737994782015496
0.027239152897039237
0.8053093583176066
0.33869849939939406
0.004667836949291086
0.2312953431347793
0.2904375045035399
0.08625334232909614
0.022392470522766023
0.030587439730343682
0.19369287702085183
0.12482841035101143
0.6217298009043377
0.04386056414566641
0.46207520040319316
0.43896122043638236
0.6403951607468968
0.04034508797053659
0.00656387508594954
0.1530437696964206
0.05162879028449197
0.5626584771858273
0.6103474796709288
0.03768152034522928
0.6481067935754447
0.8750308216234203
0.11806594346408499
0.22182419254580724
0.001538749844553531
0.09468637700445155
0.021981011895819913
0.05925508035326932
0.03927140769854624
0.42870114161269507
0.15782873124361596
0.2618104410208476
0.10428081103551977
0.04652967346430731
0.010641978330257493
0.018931615762951663
0.7827232966596583
0.02338498671693014
0.405570648057656
0.48216794274438923
0.0971706215299869
0.06727626951825962
1.0
0.029069503314293088
0.3833765754477616
0.24890100018024555
0.062010357050332456
0.002572292657277055
0.006375834116968251
0.032774410430306586
0.29607915168623106
0.005947851711909085
0.10081349434990777
0.016196289516101664
0.0344163995033863
0.6890740174142218
0.0854312032102358
0.04388269387216632
0.015373032958798313
0.263262317450839
0.09445979271476583
0.4167707310225001
0.21328933305178166
0.014881261581969374
0.07994969491861258
0.08963373286147563
0.08536473776135582
0.11385063784646311
0.04030426420689231
0.16059570370223325
0.023628663901134803
0.021677529711868117
0.03875362268691341
0.2125562726116387
0.0031710798569115095
0.005893146587318206
0.018495824242353364
0.5625502619830561
0.027088140201065522
0.16055846632874984
0.1986103517456924
0.010847716832589971
0.0354135970918814
0.3749397028573791
0.14132273765046402
0.05978062934814718
0.006681358667781697
0.040005246070982825
0.0036056225499062435
0.05512362197581739
0.156209895576956
0.03179980881720448
0.009114513983937263
0.013898495403417218
0.01732212186788044
0.1677303333629029
0.02128542191961766
0.015182557802589527
0.09805803835142453
0.022394810296058606
0.021855118273921448
0.03988960229350135
0.3146900407772554
0.028984944169916944
0.1811884922506112
0.01162092399301833
0.005794068826612135
0.28217793854111645
0.05835387327936863
0.14864107405282997
0.4179413377241914
0.013899115150149043
0.3008185488572454
0.0057036959312043575
0.4783556241509231
0.010622944963118962
0.022974601580720913
0.03178482508156725
0.00463384821627399
0.06875264537143028
0.006369277961138449
0.0055141702090177255
0.1374921012818899
0.0064560497911794355
0.29265714711167073
0.03175412088679569
0.2953759718849251
0.0056509814707208375
0.38679515186991065
0.6346827257678386
0.8151217256813296
0.45025307846000345
0.4717509372453466
0.1382404340567193
0.32557706206999343
0.4086685964153612
0.3866098778771668
0.38242014458031903
0.8458567217750356
0.545283237990234
0.13616644870843703
0.06387032388056398
0.19524847746638385
0.19914508640085227
0.026242310645917307
0.2006380505430281
0.027556809367510125
0.8874511856712152
0.47859189623112725
0.09212192561072974
0.3006253590407852
0.021005617059463206
0.22437442873958177
0.15315010452955222
0.0346535947512816
0.012198536939066779
0.13261052112693986
0.08455555133474309
0.3582960666981412
0.6735426994135821
0.14550685250475898
0.013068143056124255
0.5659685772876426
0.3870638213030801
0.011899004119943822
0.04833311429933292
0.3640915255064136
0.03001876217323139
0.20070420691783966
0.28028867419971787
0.01372363841369823
0.4388350324317474
0.05735723927900207
0.49483332102248684
0.10652112024150932
0.686570050295673
0.01411112436233475
0.28165962800678684
0.34864590572502857
0.0860072449242482
0.5756354674071333
0.4554978001807491
0.3093468401920298
0.34322939589170304
0.8951158480593104
0.7093576340372137
0.2034189550508282
0.2208253711763961
0.2197834307808747
0.40926437105985397
0.6500276738161156
0.8374343030028171
0.01901641096328061
0.23499563831409417
0.019881945834255912
0.014154264638722611
0.19130903942856237
0.32433153378235197
0.010313973515604894
0.29853863600497205
0.4306014667988782
0.31581984882984065
0.2026122984221349
0.11090590978447072
0.02813929112103275
0.2816992738887238
0.12430044197108196
0.39816638030687646
0.11258678269524107
0.04262821237262441
0.21593185341211127
0.10192519356058527
0.12726341393062526
0.014304661025618124
0.5191212601433095
