0.0
0.21905783030715303
0.5864725915966401
0.15571718150270364
0.6314735594029602
0.6081310620865414
0.5567672743071579
0.01264743793243399
0.275218296736567
0.8188683759424417
0.35146183026732586
0.10794444521682348
0.005040818287959689
0.24636111766752034
1.0
0.11784722370071132
0.8143703169247087
0.03160998329800568
0.08037723644372194
0.2686297408890648
1.0
0.029825668213722414
0.0014231269842674363
0.8093045206841274
0.8501110491878168
0.07861410275026418
0.813168607995044
0.5858175273307514
0.4275115066848174
0.05002814469075005
0.6145843219953507
0.5471721826072353
0.011382627801326659
0.2764491803029169
1.0
0.012362529927707963
0.7580495949967696
0.36482143353530766
0.0011362806658202248
0.4369899200978983
0.2681461963296855
0.0047437102581205665
0.8300538982855585
1.0
0.8067841173589031
0.06403294225694833
0.641579357674528
1.0
0.16789661107113124
0.27274360537706915
0.7726615977112432
0.8209410107532273
0.37914356240340746
0.026955174460141267
0.03074003444841074
0.7144270465562492
0.23178550707827628
0.7964947661859403
0.31037443473391446
0.5556866888358841
0.7322218899346455
0.43251465063929423
0.8768213014628008
0.13155600938551118
0.39874891727453443
0.02196603543575513
0.14116750135304185
0.5796712237819631
0.01278960537531433
0.020033785223162077
1.0
0.670561880722547
0.0063399447704422214
0.6108133247864181
0.4191271990255594
0.7913431545306049
0.005961322651369702
0.22722324697874402
0.2294001293129075
0.01991489012787395
0.01575593817751122
0.4978004055511798
0.4749101051448802
0.013854435824801645
0.0
0.5120066034524791
0.6856082141157445
0.5632255702171841
0.3291507254092361
0.711421976130064
0.15721013986656976
0.0015659081688656979
0.259120813392101
0.2049398619644765
0.7565343475897438
0.4458135198928732
0.1835810512048176
0.4487589859563455
0.060954689696355424
0.028705270912375944
0.6913655807999032
0.17092404776812323
0.5653001834090784
0.8188683759424417
0.5157330813755663
0.29331289443716574
0.2492247917561446
0.45686291312494715
0.33291414163547256
0.5432920232463986
0.3333600365772184
0.066073846796869
0.2737626455536211
0.011076417497792656
0.5400564876030477
0.2271311345463569
1.0
0.20661595086624363
0.7082489661711636
0.3643079457886491
0.249578617437999
0.28623227525713296
0.7005974004116395
0.8000989746989768
0.8679506220466221
0.038274416947704754
0.2393199768080824
0.0018079853882265258
0.6231768165941106
0.2089535296606915
0.6635558047050728
0.2500756012859989
0.03560191022492015
0.00844823067349138
0.023452593379608085
0.02185328062742352
0.888749871780154
0.8986789318731254
0.008442697340199534
0.457655480595371
0.42199205608433377
0.852281860757009
0.4836943462175237
0.661735744955402
0.22985605819242724
0.48532091981883707
0.016032038714333008
0.7438402628176121
0.06898305479647501
0.662278284395266
0.28015827524157483
0.008655936377235947
0.09965678078812036
0.0
0.002128282830756301
0.022169396328225604
0.16210785150876184
0.859826354018404
0.6637456106702609
0.01292791174284916
0.029005725417237917
0.18233687607387034
0.011269530867603085
0.7687336435877944
0.3935687874291057
0.5911937339912661
0.025642835342278708
0.8682026739470131
0.012465855908012547
0.6700783687647363
0.011252742511369014
0.13976790504731978
0.009232431551966165
0.537022303177966
0.009313504354487728
0.007570763831904065
0.08919526297459386
0.015332433595816621
0.4800834351150667
0.6640366497911347
0.5118885979951322
0.22329529246488966
0.31140024853906645
0.5623040217738345
0.6319121055324001
0.4108495829077153
0.6011297395135557
0.5110294861822844
0.7967316700471541
0.01881654724175307
0.6020177431291666
0.6884069407781901
0.2678617278692757
0.6132520413018976
0.2244908210787918
0.7643920867906563
0.0
0.3163503376575726
0.5526015744061153
0.6385297228054952
0.2981658231241075
0.0034857240459477716
0.4067299563269357
0.0017904580133456384
0.18844541501774983
0.10283780040277375
0.17437352138032688
0.7189145448311408
0.2197760516035613
0.0394473519838389
0.7992705142821717
0.020272506642708157
0.0
1.0
0.029186100714026643
0.8671709614011763
0.6809719796367572
0.6767781295304012
0.16884314941998496
0.2763589148931121
0.032513934722425
0.3516155521784482
0.03751578812444975
0.017357378077112413
0.4487455057302535
0.36721607478599194
0.34163030357709306
0.526539916798682
0.5018740353708856
0.3899845947350135
0.013041244274429356
0.08910508498586205
0.641803219213161
0.0866051570757731
0.03310662428342605
0.308597123142269
0.45101930577786975
0.0
0.7507958964550723
0.022237638268020016
0.6655329150825269
0.7196554786797991
0.24369689432637837
0.6093427400751921
0.0
1.0
0.40218447499624216
0.37504898534332953
0.38917954962109774
0.10952364781289983
0.757434999263011
0.0018152166658357324
0.017409093493291557
0.679026194167046
0.17934275768298844
0.8176857981512651
0.5623040217738345
0.1180447775676037
0.4802285958751874
0.6832712057427781
0.5764174377425099
0.5491295349388162
0.33141939639906126
0.24058404887896354
0.06786174609847134
0.011160682855975422
0.8458561661690777
0.7660915365113395
0.5542726368916439
0.5698795334050109
0.2981021101304005
0.837716746562586
0.031882548633063015
0.0
0.0006411421780657398
0.0
0.8636342706508429
0.4034764300720051
0.4023711719385388
0.2888438620290493
0.17315191424749446
0.7143877511087884
0.8535715102518228
0.5208908881617802
0.47158976929834373
0.0024161486345400055
0.0
0.07871466078819916
0.01571976076330142
0.6620993932041556
0.014419877530886631
0.0019604379508926153
0.034324586788079925
0.1074258225517817
0.5216540834724851
0.7547929937777117
0.014251494125603248
0.0
0.0019461040039362551
0.05286661976391235
0.010451558824233192
0.4046615937370433
0.02626315129675178
0.27638126747488767
0.14652520293458474
0.7397614466429745
0.11936217742193826
0.1454135418605339
0.424097984609995
0.1897072686887668
0.6403099952576644
0.2217600319247001
0.22442903661240146
0.02381844322850409
0.04092718322617154
0.023437074245205178
0.04861823923573534
0.012015488221389346
0.3701749028424413
0.4136322104280208
0.6519064306698447
0.2320520644904353
0.08008538973877727
0.0
0.002253468129194393
0.49218280972501305
0.008669952728315888
0.6693225432882278
0.5182383328964654
0.8847350909115801
0.588283978887808
0.08126966767967697
0.0858044605496599
0.4044089445085302
0.5288908582532494
0.039957275692534114
0.5341557793978142
0.25540703360650024
0.5726048202936935
0.02122214497810169
0.3074922689109707
0.0004672799660578846
0.4710341226666977
0.12491209668228175
0.13191432499123634
0.13129539467242193
0.7583881890581727
0.8307078800680168
0.7705992374744745
0.1404364148900491
0.7701414966442807
0.06056713586138834
0.0
0.019316858301706822
0.5489543836935721
0.0013420380749132924
0.030376662108796977
0.24858962583422312
0.4310073721374436
0.06137232677286499
0.1353179075141544
0.12665464737916435
0.6090205295493848
0.3386149953326766
0.6886386430874808
0.0
0.3211616720355892
0.3991856217833694
0.0
0.25468820105260515
0.6067294163431821
0.21855622986656242
0.9375
0.0523754613088311
0.8613650352602432
0.6660702687453294
0.11946975762291383
0.7792509829724907
0.52127935562715
0.22551802910682886
0.5011267534508272
0.003778758290366663
0.15991299138555806
0.8374306824117099
0.030105586575434454
0.429559969278439
0.04798050257739066
0.22551802910682886
0.005980954654989392
0.07759998207822386
0.5226796030469826
0.22551802910682886
0.016363759486187283
0.008146731346427483
0.005287168589188859
0.04623996803763172
0.014251269402855763
0.0
0.006671688582391401
0.02903142044094078
0.03237817898763472
0.014089579703555432
0.01208314966921288
0.0405495230621878
0.7040010474549057
0.002137584963421812
0.6980015533206428
0.1510220347662229
0.07461069714882602
0.139133388415235
0.0
0.88610266133009
0.576538240289652
0.0270315283061953
0.5973934316403502
0.49945991792600947
0.40514667584624064
0.005292009249655047
0.7500158272297907
0.594841544354492
0.04531334186172231
0.5894304524695391
0.31612693302293393
0.08674106143257712
0.10080326849096334
0.005405257901073183
0.8038014612297383
0.021710244851321593
0.11666176956466323
0.29184264815097966
0.49042405345747125
0.12365989130729531
0.3105086066937806
0.8766615300543095
0.13907391652717613
0.05531695369841188
0.059576881801922804
0.4853781572543336
0.014115931736781297
0.7247638397114233
0.00764337493548026
0.6514400613867761
0.007619332081780262
0.1938768486170975
0.24229141298343485
0.5265889936156015
0.07466138404942183
0.5271065706692505
0.444902959713223
0.012146332092122764
0.24421315116625084
0.05672426929823028
0.2359427229531104
0.27018078772304316
0.3599593869159548
0.8907547997061667
0.5454919149850426
0.6992253291488344
0.4148859190306847
0.6181463299255637
0.16070076648667186
0.007510038534996985
0.33359485506215614
0.006619518113336619
0.13908533369028622
0.2161907677582401
0.7916490712177809
0.006487682056900691
0.004237911173670893
0.0
0.014877430771228045
0.04213018669223677
0.018373244808596968
0.017312644729258333
0.014164596005575554
0.0038081434655840964
0.0042882307291506085
0.007355726138537957
0.5353147888909444
0.20302303450668344
0.0
0.6438724243076289
0.23978134859843722
0.23978134859843722
0.008657525036410945
0.08693935833040224
0.03164951123921551
0.07986739945213432
0.38641776034252306
0.0
0.07264107529332338
0.007269402841120633
0.2730750213368609
0.01175365909469456
0.004129592304212816
0.01410821269032973
0.7318691183407195
0.7813321719527742
0.015874787113550948
0.11664280008840335
0.09491137538617629
0.0022510175571329337
0.0010708615152391072
0.035414380270354526
0.18838822809171163
0.0011659799778964398
0.007756326063226353
0.05891811945120747
0.024301662154349153
0.01864152000555093
0.8621818825462445
0.002988829877144768
0.0021963577328184534
0.04041712184211376
0.004043155866691746
0.07648304076569636
0.01888560978878631
0.007954297121033594
0.028966017459388194
0.0
0.00040027942491458206
0.06742354469196414
0.008155231213162703
0.005516656656548254
0.222657297976657
0.0
0.020750270645773658
0.0006593538728476684
0.7152637443559505
0.256611701447223
0.11462189133016812
0.1796118356225114
0.02265589644717215
0.928622176788333
0.026457678572898047
0.22446033873430005
0.023123542752221664
0.012436872211606201
0.46004821112430033
0.025531206611744014
0.6476673031860011
0.01091260656586937
0.01866461641589888
0.3484272171520131
0.0169196417797182
0.004796762621554347
0.05273341652193555
0.10498675674059235
0.19285895031284783
0.72355918476898
0.02199937741759681
0.8124390832330133
0.10943388528857363
0.4180011075844573
0.05870168115939208
0.8382405369676524
0.06741947830874333
0.08543761500569824
0.0016971260757921184
0.40066934253675673
0.4688359575585215
0.009091770743454328
0.00755064668905565
0.7076310718711096
0.3806793474924135
0.0
0.7975521831482273
0.465561547271971
0.06556656181040912
0.03654106714350913
0.016865620502408883
0.24370401385206195
0.01567858969394424
0.6730842370355052
0.13103500099925502
0.48085925963356524
0.550245392232419
0.6964360811404883
0.01716088256941141
0.03274944951262052
0.29092037353415584
0.15934663486530357
0.21215594917946468
0.6784595090518614
0.006508615536160159
0.563256736603951
0.7203805582892799
0.06879714250290846
0.02096932098380176
0.1289196108867583
0.33066724074906434
0.03317393693149423
0.03330463509621291
0.00780394417241693
0.6449559096496872
0.24188205161754256
0.24831193034264773
0.14120811540777267
0.04126339426651389
0.004859320848222875
0.020385560373505425
0.6752586336507038
0.0259835383272083
0.2073434457453402
0.3548815129646756
0.045869509280138165
0.0457754460354775
1.0
0.0
0.5947763560822912
0.23959913048399475
0.04520562478270017
0.00407397643716165
0.03946262385589756
0.016359372381484483
0.1714070304315489
0.002451683093124033
0.004159164337932788
0.1343531040989607
0.028797752357059656
0.8701057645759606
0.04984319488472459
0.05678053198243299
0.014606748017324575
0.1636501210598866
0.3034994131056471
0.27445331549138813
0.5138744027823707
0.02575569604417522
0.012776022189805954
0.21456049597136767
0.07376128129486746
0.07980218156493671
0.014188793264037242
0.03126615724122167
0.013962469106967386
0.005834210154138932
0.01164086048996784
0.1557860591360538
0.024318795427837575
0.006326415360740789
0.00908730854183209
0.18066618343183094
0.028072452570023908
0.1548811848872514
0.44016043301481517
0.038540026817084835
0.0036911170970822787
0.6085165185499329
0.34830870708844774
0.012309386147326854
0.002333548659637308
0.03144175615188738
0.029816256943800464
0.03768734081826723
0.1355810230914751
0.022007379853364508
0.08522726337410108
0.05753999089395589
0.006406258283140967
0.2784195324946723
0.019539928068778592
0.006753568611398139
0.07636478062200189
0.053350464297523645
0.01046436042416561
0.11103597050541515
0.16771150014748754
0.027115268474476435
0.14112263510191184
0.0012616589264719395
0.00674416040706124
0.14463289487760658
0.018537767058294376
0.13095409101744676
0.7674809360666314
0.005134571380434167
0.41831104169660527
0.0035661214627508244
0.7358599882056761
0.03197130079158366
0.013753710134069178
0.093010459735579
0.002900726924323542
0.07200996684415707
0.005530991225812384
0.017679274238185452
0.06649910318615493
0.006002021109714595
0.8053571399624854
0.09368827020011175
0.5759725963232931
0.01034998253207915
0.5773277330445123
0.5319014686221429
0.7405630662093109
0.4781083699827652
0.4939469786022362
0.24544857187242694
0.5904274426532834
0.04632916390292722
0.5926377222672294
0.3120376977408407
0.546007888597068
0.14538040433414195
0.14427883788328463
0.06379502797943856
0.16073717725303555
0.20289198722805488
0.0
0.540549732444037
0.01107784224086205
0.8569271678013914
0.4907667238599876
0.1949439787695241
0.4489332038692841
0.07527829431664572
0.4731246093780826
0.3927287851026269
0.04579037312011571
0.009136359018722753
0.2389822522975605
0.04364176668142143
0.06351156188610817
0.8295912948428426
0.09044481453333236
0.0020945309676504522
0.3571101600757096
0.4820008237960122
0.09210197511810107
0.03832466158362634
0.6286321348749346
0.0033639718731129915
0.306281733927383
0.6157698678348356
0.014922439125741961
0.4136861994460892
0.07834211541635103
0.432873256211084
0.20708317420830039
0.7253694469110971
0.0785028084861853
0.07973056561771437
0.4750846771784224
0.06148854077846787
0.6969042313883773
0.2693534697503234
0.25302600072642095
0.2257950238520549
0.8942186327679827
0.5572778663174651
0.3108004916250727
0.6523794922492092
0.3489784963336884
0.4783326707650299
0.5490815241406765
0.7440843008583798
0.024329453676239773
0.15435669268096935
0.013054849459432718
0.03575104287329518
0.3024011292259667
0.33704286022927626
0.0012706432569620856
0.37885765073690075
0.5538168180398949
0.3015194549735149
0.24290214069260943
0.052818726353443576
0.005633859965038006
0.2159965969374378
0.14264882262362868
0.3020283073131286
0.42723011972070296
0.08501765666865636
0.26886198148276386
0.39451507517191026
0.02798301572794064
0.013632118014836223
0.5386561122637569
