0.0
0.22869040187696138
0.5978371743914631
0.14655734729666225
0.6151792922906452
0.6162412868336727
0.5627547132736984
0.013311404296781727
0.2749310578464568
0.8185445645258689
0.3533717283962208
0.11921711271070018
0.004744299565138531
0.23782653091376857
1.0
0.11731852000695699
0.811333420755222
0.029750572515770048
0.08876071423493836
0.2706422344077243
1.0
0.02807121714232698
0.0013394136322517048
0.8123298398209658
0.8502998138663292
0.07398974376495451
0.811733534044266
0.5993716312045831
0.4065411332902129
0.04708531265011769
0.6177692566258882
0.5553716302071634
0.01104393873174267
0.296338980312184
1.0
0.011635322284901613
0.7576022936003026
0.3571122726519168
0.0010694406266543292
0.43475323074216055
0.2922590790952689
0.004464668478231121
0.8248504964779455
1.0
0.8099368199973529
0.0602662985947749
0.6408712039948571
1.0
0.17269190426106165
0.2566998638843004
0.772495800424473
0.8268010258336234
0.35684099990908935
0.0253695759624859
0.036386329446077115
0.7161362519524744
0.23134419209817456
0.8057291389775079
0.30549956330936323
0.5638968645609793
0.7297409290305125
0.4314807256507548
0.871781537978546
0.12381742059812817
0.4189789521999645
0.020673915704240126
0.14234099977462367
0.5850646042446355
0.012811243591680574
0.019424852369840345
1.0
0.6703227662907241
0.006426362459651648
0.5984829755143171
0.42009463690608717
0.7948668458237985
0.005610656613053837
0.22320679326841938
0.22170418659431756
0.022264989063457582
0.014829118284716444
0.5110937901614513
0.47071088913803877
0.024764822441191787
0.0
0.5280896135378317
0.683387557280196
0.5715978438982423
0.3321698860471414
0.7205989661065759
0.15852069022018542
0.0014737959236383038
0.24387841260433038
0.1928845759665661
0.7512799495864818
0.4379306638062546
0.18070095376601022
0.43966988718917743
0.06819397735481669
0.028705023035202094
0.6841220400178135
0.1673300782867422
0.5727953827243324
0.8185445645258689
0.5140087355342491
0.29085461132057133
0.25076629013958734
0.46512182011078496
0.3608406538240521
0.537245138372298
0.33283257119394516
0.06287110325076058
0.2799931222457752
0.010424863527334264
0.5427057095277623
0.22494804770855722
1.0
0.20162760817464856
0.7068931932599218
0.35942678858358873
0.2612078408342282
0.28292230284165315
0.7081894798476064
0.7901872803401278
0.8698258879073469
0.03738009914260447
0.2389565329378925
0.001701633306566142
0.6192799843737644
0.20846993425197044
0.6557047894596396
0.25413085093847576
0.03592154022095901
0.007951275927991887
0.02207302906316055
0.020567793531692722
0.8873846696786322
0.9002411389627492
0.00876671425308281
0.46885441859095733
0.4148782570521523
0.8512274765684518
0.4758974280698389
0.6557669835266955
0.2330504019120427
0.4882984330522971
0.015088977613489889
0.738610841164853
0.06678678947522557
0.6620078653007986
0.2956797652109877
0.008146763649163244
0.09966400522146805
0.0
0.002003089723064754
0.023894011498995643
0.1525720955376582
0.8437002533207474
0.6677359294310196
0.013265232084198652
0.029166852718651236
0.17161117748128973
0.010606617287155845
0.764831107588783
0.38967314040256495
0.60505918311874
0.024134433263321136
0.8698044416190619
0.01173257026636475
0.675053035056261
0.010590816481288484
0.14752538487269187
0.00929582239059426
0.5418374121970286
0.00876565115716492
0.007393517031765799
0.09168331370923083
0.014638372511365808
0.47891923689716476
0.6634381862187847
0.5140241346635197
0.22169809930851622
0.30740190924964583
0.5623643777786328
0.625403112408184
0.4182540517515372
0.6110167041740605
0.5133144991179039
0.7848674079011232
0.017709691521649945
0.6208806699544962
0.6959349902070977
0.2807459878817032
0.6070475848431556
0.2112854786623923
0.7749759269911859
0.0
0.3220206489794527
0.5312868272298358
0.643928493474126
0.29227893863385707
0.0032806814550096672
0.4071597441596712
0.0016851369537370714
0.18693786034497398
0.11391290734764359
0.1811482113581636
0.712567188759399
0.21551923095436176
0.037126919514201315
0.8048686916358827
0.01908000625196062
0.0
1.0
0.031542815741811066
0.8695132924930962
0.6663000075985398
0.6694866120011156
0.16648790959651172
0.2771421045469166
0.030601350326988238
0.3583798039315455
0.03530897705830565
0.023412974045475096
0.4223487112755327
0.38425172060674806
0.3433862466491992
0.518729455341164
0.4933819182062681
0.39072341264392696
0.013985099540623725
0.09105834069030017
0.6403648121204755
0.10174755537641908
0.031159175796165693
0.29044435119272377
0.4418998391233231
0.0
0.7529036123710763
0.021705594611622216
0.648939620349242
0.7185851722343162
0.2553501255595057
0.6098025269927662
0.0
1.0
0.42249968776634644
0.3847267783544675
0.39281168576836467
0.10308108029449396
0.7625890449151814
0.0017084392149042187
0.017239236825528376
0.6799678292593324
0.178740718375894
0.803290135657117
0.5623643777786328
0.12050206044592286
0.45197985494135284
0.6819117758662476
0.5780062684492804
0.5626521126395787
0.33104936449790784
0.23519040887042583
0.06795232852537215
0.011350640730457535
0.844203924750424
0.7608075773227002
0.5580709325875519
0.56081409242589
0.32202240920659414
0.8292535649583544
0.03238095162314966
0.0
0.0006034279322971669
0.0
0.8597474161451162
0.42227723938642375
0.4018222159788766
0.2870362481244675
0.17140657552454397
0.7012735995140468
0.858316440574748
0.518553583682946
0.47037352943868105
0.002274022244272946
0.0
0.09759446684134175
0.014795068953695456
0.6648842466894583
0.015445389840771932
0.001845118071428344
0.03230549344760464
0.11049538752335102
0.5133622374739086
0.7500794194156749
0.013413170941744233
0.0
0.0018316272978223577
0.049756818601329265
0.011446624312303644
0.40491718707013946
0.024718260044001676
0.3189470752704825
0.15711547219690888
0.7369601485994286
0.11925018912854064
0.16006446465969631
0.42695383087266364
0.2056031880712733
0.639271521578749
0.20871532416442362
0.23807404425729933
0.02241735833270973
0.042352996406422594
0.022058422819016637
0.04575834281010385
0.012003849892148182
0.34839990855759184
0.4307346492712474
0.6537192657287962
0.24669769045237575
0.08561912018593809
0.0
0.002120911180418252
0.5114751762989334
0.008159955509003189
0.675668546060562
0.5344056928894825
0.8899074304249178
0.5901771057717601
0.07971265988249694
0.08561468056032892
0.39877690180695463
0.5251230499593429
0.03883488601835241
0.549113585841328
0.25230187687516237
0.5820791627973042
0.020455658552338468
0.3023293042876383
0.0004397929092309502
0.46821958861033436
0.11756432628920635
0.13515247962485055
0.12787643401150367
0.7483159469176597
0.8317581106842835
0.7726652131896562
0.1321754493082815
0.7531246787567131
0.06577161845522113
0.0
0.04527748804956382
0.5442168928790376
0.0012630946587419223
0.02858979963180892
0.2339667066675041
0.448153884704179
0.061258179221360884
0.1421313826730729
0.12084751702299101
0.6249055045425072
0.3416425757897946
0.7069540170235113
0.0
0.3278229349649121
0.4017603279109336
0.0
0.25290803582271876
0.6011440592661148
0.22025311883702792
0.9411764705882353
0.05982701070872336
0.8695200331861113
0.6636651061137434
0.11244212482156596
0.7720990000167056
0.517087510258821
0.25051704864227303
0.511673628554109
0.006423384366327782
0.15050634483346642
0.836151883611238
0.029501499314225823
0.4310854780468359
0.053154784480867696
0.25051704864227303
0.005629133792931193
0.07303527725009304
0.5384807839754973
0.25051704864227303
0.015401185398764502
0.00766751185546116
0.00497615867217775
0.043519969917771024
0.014328779079435883
0.0
0.007315730689436658
0.028821242415734378
0.034659682415887294
0.013925378258447123
0.01137237615925918
0.0541749319617492
0.7010963303601967
0.0024452267014849496
0.7046656837560433
0.14442942358676047
0.07022183261065978
0.1373593225719342
0.0
0.8821283878847977
0.5971388013395058
0.02605878859847574
0.6097831983406686
0.49218639534174025
0.40548322041185825
0.004980714587910632
0.74532770366767
0.5828630286649862
0.04514044300199332
0.6032902212631386
0.31641355661225556
0.08218071471405651
0.10172196723835676
0.007270286066831801
0.8032012729008713
0.020433171624773264
0.11597569292366751
0.2858013257523562
0.46157557972467883
0.12315336722054034
0.30227903225653197
0.8797348034766819
0.14157957524864553
0.05595615429983914
0.06220972241443935
0.4817142032707762
0.014457252763068229
0.7224773516700856
0.007193764645157892
0.6451878913692658
0.007171136076969658
0.19038752139306475
0.24859918075161988
0.533139898993428
0.07641538993653214
0.5220433158589993
0.4411610336112537
0.012173628949525239
0.24098264174130613
0.06509143934566466
0.23096671006458194
0.2766414183620887
0.3664857882135232
0.8883305592447791
0.5627748389276951
0.6726481501306261
0.41348481128226955
0.6294409464194092
0.15124778022274998
0.007068271562350104
0.3258294557498281
0.006230134694905054
0.13459672198408365
0.21470255209476335
0.795638017394371
0.006106053700612415
0.004309110882606361
0.0
0.015041482021931755
0.03965194041622284
0.01729246570220891
0.017232598943216486
0.015048848496928995
0.003584135026432091
0.004035981862729985
0.008046463262120628
0.5323063091951671
0.19202713264351798
0.0
0.6538689347005289
0.22567656338676445
0.22567656338676445
0.008148258857798536
0.08620887821129615
0.029787775283967536
0.08228996226648426
0.36368730385178644
0.0
0.08192226054002513
0.006841790909290007
0.26733761493273717
0.011601784488534083
0.004398948205950207
0.013278317826192687
0.7357796481213595
0.7773758160021021
0.01494097610687148
0.11608862325530064
0.09024758460375255
0.002118604759654526
0.0010078696614015128
0.0421965935633169
0.17887036198175205
0.0010973929203731197
0.007745647627579298
0.06199594042710808
0.022872152615858028
0.017544960005224403
0.8662282613420194
0.002813016354959782
0.00206716021912325
0.052089402804081655
0.0044800623028365405
0.07198403836771422
0.017774691565916528
0.007486397290384559
0.028975626300719908
0.0
0.0003767335763901949
0.06777258825942506
0.0076755117300354855
0.00519214744145718
0.20955980986038306
0.0
0.02144152465057772
0.0006205683509154526
0.7200032117113373
0.25131219142138084
0.11324921928830112
0.18582578971212096
0.021323196656162023
0.9277705098444186
0.02650193815746455
0.22594069066204048
0.021763334355032155
0.011705291493276425
0.4562873869612573
0.02508878308733137
0.6495915609503683
0.010270688532582936
0.017566697803198944
0.3525369211046777
0.01592436873385242
0.004514600114404091
0.052357170030026885
0.09925023940929088
0.19115924665156636
0.7342478678410079
0.021711524417406154
0.7749349271388216
0.10979212973687721
0.3934128071383127
0.05722796224321443
0.8392384187304542
0.0688001290825901
0.08447903992389331
0.001597295130157288
0.3982523041983575
0.4633971190361584
0.00855696069972172
0.007106491001464141
0.721466795078058
0.37920756007644446
0.0
0.8015747236691827
0.466285502137327
0.08230294317640206
0.04057859019367087
0.018956179774954125
0.2388781029117341
0.015417420127988635
0.6824272154380184
0.12332705976400472
0.48474950683385826
0.5501017902145774
0.6911938609519763
0.016151418888857797
0.031982875151477484
0.2743416457719257
0.15914261122057938
0.208960219026388
0.6849206815667588
0.006524256627169507
0.5494152950299448
0.7206851271766325
0.06475025176744326
0.020263901545316505
0.13532513092529785
0.3365211037530547
0.03122252887670045
0.03134553891408274
0.008170203383079203
0.6070173267291173
0.24170904782837171
0.23906043591766118
0.1329017556779037
0.04092774379571368
0.0045734784453862354
0.02004043369207926
0.679751124022691
0.02626512455823064
0.19514677246620254
0.36191987506274975
0.043390707047623545
0.04308277273927294
1.0
0.0
0.5808608805424544
0.2290619229051336
0.042546470383717803
0.0038343307643874352
0.03978576326176213
0.015397056359044219
0.16408636522130726
0.002307466440587325
0.0039145076121720355
0.1275415587337958
0.028873613244961214
0.8764474785359646
0.04843999208484376
0.07297562365464873
0.0146911375158976
0.15936114029822054
0.30343107719655804
0.2964656724577554
0.5207287882010488
0.038712901468892134
0.013580751474941857
0.21840678999545637
0.0764614749126146
0.0928196120797786
0.02930273030996965
0.030422536008089054
0.013141147394792834
0.005491021321542524
0.010956103990557967
0.15545721082662947
0.022888278049729482
0.005954273280697213
0.009530024955726172
0.1987942859535153
0.026421131830610737
0.14615690235729298
0.4211111819069547
0.03963065847038133
0.0034739925619597916
0.6194040986224577
0.3501828658104484
0.013017014922723332
0.0021962810914233485
0.030333104317076396
0.03011820009521396
0.03775440799904044
0.1356493615659344
0.020712828097284242
0.08021389494033043
0.05503477423112193
0.006355452497694403
0.27929765003170215
0.019647314001086186
0.00635629986955119
0.078014750400805
0.050968922533154146
0.009848809810979397
0.11464534505950166
0.16462062850851497
0.02708142498052768
0.14807322495317599
0.0011874436955030018
0.006347445088998814
0.14420436866194236
0.017447310172512356
0.12495567049375295
0.7656459931247505
0.004832537769820393
0.4137001917129457
0.003356349612000776
0.7336725610351441
0.030733111109352264
0.016061679840109987
0.09573371486308645
0.003165863398290372
0.06940429531094058
0.005205638800764597
0.020344546801384488
0.06290912193321195
0.005648961044437266
0.8158757037981269
0.08817719548245812
0.5817136075954553
0.010415640711390737
0.577612442971435
0.5434864440324301
0.7421620794155253
0.4720608925697324
0.4961065649062483
0.2463415743124773
0.5974512103979863
0.04502517950370108
0.5828165559426636
0.3264647781785934
0.547347835126101
0.139704220201858
0.1423478265558517
0.062178330848044625
0.16021801240017605
0.2180123349317797
0.0
0.5392158577722819
0.012180765280706012
0.8643445925762497
0.4856672325618765
0.18347668590072858
0.4384942384112054
0.07624167789077256
0.48268865329410626
0.39542107083091493
0.047703343266703085
0.008598926135268473
0.2439814224960582
0.059566933523872746
0.05977558765751357
0.8079890142574794
0.08886965207211335
0.001971323263671014
0.3602926253835349
0.47472762026001275
0.08887857948854297
0.03607026972576596
0.6296542418475781
0.003460031857814778
0.3286540959299892
0.621670490661742
0.01404464858893361
0.4120822746305658
0.07473931831247146
0.43560176731869876
0.2056545074845271
0.7153520822913123
0.07388499622229204
0.07504053234608411
0.4783235814180737
0.06225629467740177
0.6971151374519925
0.26664764019032144
0.263762956984446
0.22419020726359573
0.8768414192080958
0.5613820753497563
0.29251810976477427
0.6320741210630447
0.34938853635005224
0.47666641118771574
0.5265462107440504
0.7364746082141883
0.022898309342343316
0.1573194105832775
0.012286917138289617
0.03670893615475284
0.3081380131752277
0.3760403390393188
0.001195899535964316
0.3780347465278908
0.561319551687764
0.307439339804862
0.24295213193482082
0.049711742450299835
0.005302456437682829
0.22088032140336472
0.1440008660026615
0.3168913437897888
0.43761461074026686
0.0859491048407824
0.2691977931276703
0.3935637696223966
0.026336955979238248
0.014500763895954378
0.5388958276749316
